Accuracy: 93.89
[1283.65, 132.35, 2.44, 4.02, 4.21, 5.72] => [5.1557722091674805, 0.6014251708984375, 0.8372676968574524, 0.7915456891059875] (expected [3.0, 0.1, 0.85, 0.1])
[212.65, 132.2, 1.86, 3.41, 3.43, 5.11] => [5.1557722091674805, 0.6014251708984375, 0.8372676968574524, 0.7915456891059875] (expected [3.0, 0.1, 0.85, 0.6])
[119.04, 134.71, 1.57, 3.19, 3.13, 4.9] => [5.1557722091674805, 0.6014251708984375, 0.8372676968574524, 0.7915456891059875] (expected [3.0, 0.1, 0.85, 1.1])
[84.51, 137.47, 1.45, 3.07, 2.96, 4.77] => [5.1557722091674805, 0.6014251708984375, 0.8372676968574524, 0.7915456891059875] (expected [3.0, 0.1, 0.85, 1.6])
[229.0, 107.22, 1.85, 3.1, 3.74, 4.44] => [5.1557722091674805, 0.6014251708984375, 0.8372676968574524, 0.7915456891059875] (expected [3.0, 0.1, 1.35, 0.6])
[126.41, 108.44, 1.6, 2.89, 3.39, 4.23] => [5.1557722091674805, 0.6014251708984375, 0.8372676968574524, 0.7915456891059875] (expected [3.0, 0.1, 1.35, 1.1])
[89.11, 110.16, 1.49, 2.75, 3.15, 4.1] => [5.1557722091674805, 0.6014251708984375, 0.8372676968574524, 0.7915456891059875] (expected [3.0, 0.1, 1.35, 1.6])
[191.07, 20.07, 2.04, 3.59, 3.74, 5.3] => [5.1557722091674805, 0.6014251708984375, 0.8372676968574524, 0.7915456891059875] (expected [3.0, 0.6, 0.85, 0.1])
[31.12, 19.74, 1.27, 2.86, 2.84, 4.56] => [3.6802194118499756, 0.5847432613372803, 0.6726168394088745, 0.9677577018737793] (expected [3.0, 0.6, 0.85, 0.6])
[19.23, 21.48, 1.08, 2.64, 2.46, 4.34] => [3.496058225631714, 0.5826612710952759, 0.6520670652389526, 0.9897503852844238] (expected [3.0, 0.6, 0.85, 1.1])
[14.89, 23.22, 0.92, 2.52, 2.22, 4.22] => [3.1751935482025146, 0.5790336728096008, 0.6162630915641785, 1.0280683040618896] (expected [3.0, 0.6, 0.85, 1.6])
[242.08, 18.31, 2.02, 3.29, 3.87, 4.64] => [5.1557722091674805, 0.6014251708984375, 0.8372676968574524, 0.7915456891059875] (expected [3.0, 0.6, 1.35, 0.1])
[34.86, 16.39, 1.33, 2.56, 3.08, 3.92] => [2.8528358936309814, 0.5753892660140991, 0.5802925229072571, 1.066564679145813] (expected [3.0, 0.6, 1.35, 0.6])
[20.59, 17.37, 1.11, 2.34, 2.64, 3.69] => [3.3160130977630615, 0.5806257128715515, 0.6319765448570251, 1.0112515687942505] (expected [3.0, 0.6, 1.35, 1.1])
[15.62, 18.57, 0.95, 2.19, 2.36, 3.55] => [3.2225513458251953, 0.5795691013336182, 0.6215475797653198, 1.0224127769470215] (expected [3.0, 0.6, 1.35, 1.6])
-----------------------------------------------------
[7.28, 7.11, 0.66, 2.21, 1.89, 3.92] => [4.66251277923584, 2.890904426574707, 0.7674365043640137, 1.0722054243087769] (expected [4.0, 2.1, 0.85, 1.1])
[10.06, 5.93, 0.85, 2.41, 2.31, 4.1] => [4.487281322479248, 2.889376401901245, 0.9279339909553528, 0.7126704454421997] (expected [4.0, 2.1, 0.85, 0.6])
[68.2, 6.48, 1.79, 3.3, 3.32, 5.01] => [5.147080421447754, 2.629037618637085, 1.1640079021453857, 0.2683457136154175] (expected [4.0, 2.1, 0.85, 0.1])
[9.79, 8.16, 0.7, 1.75, 1.88, 2.9] => [4.431310653686523, 2.329685926437378, 0.788262665271759, 0.9549176096916199] (expected [4.0, 1.6, 1.85, 1.6])
[12.55, 7.49, 0.79, 1.86, 2.17, 3.02] => [3.941725969314575, 2.0997681617736816, 0.8760918974876404, 0.6937010288238525] (expected [4.0, 1.6, 1.85, 1.1])
[21.34, 7.1, 1.09, 2.1, 2.59, 3.25] => [4.09249210357666, 2.059387683868408, 0.956193208694458, 0.5384787917137146] (expected [4.0, 1.6, 1.85, 0.6])
[209.0, 10.23, 1.7, 2.78, 2.94, 3.93] => [5.149583339691162, 2.0451455116271973, 1.0699164867401123, 0.4190117418766022] (expected [4.0, 1.6, 1.85, 0.1])
[9.38, 9.46, 0.66, 1.92, 1.79, 3.26] => [4.387430191040039, 2.2368226051330566, 0.7348156571388245, 1.0550923347473145] (expected [4.0, 1.6, 1.35, 1.6])
[11.75, 8.57, 0.77, 2.01, 2.01, 3.37] => [4.344762325286865, 2.204847574234009, 0.8443551063537598, 0.8160238265991211] (expected [4.0, 1.6, 1.35, 1.1])
[18.73, 7.79, 1.04, 2.24, 2.4, 3.58] => [4.288508892059326, 2.1307015419006348, 0.9892331957817078, 0.4972060024738312] (expected [4.0, 1.6, 1.35, 0.6])
[154.54, 9.83, 1.73, 2.96, 3.03, 4.3] => [5.149804592132568, 1.9935342073440552, 1.061599612236023, 0.432329386472702] (expected [4.0, 1.6, 1.35, 0.1])
[9.0, 11.81, 0.63, 2.23, 1.71, 3.94] => [4.571488380432129, 2.348304271697998, 0.680451512336731, 1.2004828453063965] (expected [4.0, 1.6, 0.85, 1.6])
[11.05, 10.58, 0.75, 2.33, 1.91, 4.03] => [4.347827911376953, 2.1139822006225586, 0.7800477147102356, 0.9447355270385742] (expected [4.0, 1.6, 0.85, 1.1])
[16.61, 9.28, 0.96, 2.51, 2.27, 4.21] => [4.100527763366699, 1.9191988706588745, 0.9344184398651123, 0.5737866759300232] (expected [4.0, 1.6, 0.85, 0.6])
[105.45, 9.69, 1.69, 3.24, 3.12, 4.94] => [5.150088787078857, 1.9272682666778564, 1.050921082496643, 0.4494284987449646] (expected [4.0, 1.6, 0.85, 0.1])
-----------------------------------------------------
[10.31, 11.95, 0.6, 2.19, 1.51, 3.88] => [5.457673072814941, 2.9195501804351807, 0.7140121459960938, 1.2792880535125732] (expected [5.0, 2.1, 0.85, 1.6])
[12.82, 10.82, 0.68, 2.26, 1.67, 3.96] => [5.2780961990356445, 2.7264981269836426, 0.8065006732940674, 1.04707670211792] (expected [5.0, 2.1, 0.85, 1.1])
[19.68, 9.64, 0.85, 2.42, 1.95, 4.12] => [4.65101432800293, 2.1419668197631836, 0.9756271839141846, 0.5687468647956848] (expected [5.0, 2.1, 0.85, 0.6])
[124.0, 9.99, 1.46, 3.02, 2.67, 4.73] => [5.149076461791992, 2.163443088531494, 1.0889796018600464, 0.3884865641593933] (expected [5.0, 2.1, 0.85, 0.1])
[16.67, 12.15, 0.66, 1.74, 1.63, 2.9] => [5.146866798400879, 2.264220714569092, 0.8314532041549683, 0.9408231973648071] (expected [5.0, 1.6, 1.85, 1.6])
[22.43, 11.51, 0.81, 1.84, 1.78, 2.99] => [4.710081577301025, 1.8362027406692505, 0.9573631286621094, 0.5887840986251831] (expected [5.0, 1.6, 1.85, 1.1])
[39.34, 11.16, 0.97, 2.01, 2.04, 3.16] => [5.151568412780762, 1.5821361541748047, 0.9953047037124634, 0.5384855270385742] (expected [5.0, 1.6, 1.85, 0.6])
[318.34, 13.85, 1.47, 2.53, 2.48, 3.68] => [5.151906967163086, 1.5031707286834717, 0.98257976770401, 0.5588615536689758] (expected [5.0, 1.6, 1.85, 0.1])
[15.99, 13.99, 0.69, 1.92, 1.58, 3.27] => [5.365972518920898, 2.3440134525299072, 0.8015465140342712, 1.0359442234039307] (expected [5.0, 1.6, 1.35, 1.6])
[21.11, 13.11, 0.77, 2.0, 1.73, 3.36] => [4.963093280792236, 1.9740136861801147, 0.9118480682373047, 0.7256202697753906] (expected [5.0, 1.6, 1.35, 1.1])
[35.45, 12.38, 0.92, 2.17, 1.97, 3.52] => [5.147770404815674, 1.5916976928710938, 0.9964331388473511, 0.5364559292793274] (expected [5.0, 1.6, 1.35, 0.6])
[256.76, 14.1, 1.45, 2.69, 2.52, 4.05] => [5.152624130249023, 1.3358685970306396, 0.9556198120117188, 0.6020317673683167] (expected [5.0, 1.6, 1.35, 0.1])
[15.36, 17.37, 0.66, 2.26, 1.54, 3.96] => [5.246915340423584, 2.187066078186035, 0.715097188949585, 1.1918636560440063] (expected [5.0, 1.6, 0.85, 1.6])
[19.87, 16.11, 0.75, 2.33, 1.69, 4.04] => [5.266819477081299, 2.062561273574829, 0.8549810647964478, 0.8882126808166504] (expected [5.0, 1.6, 0.85, 1.1])
[32.06, 14.82, 0.9, 2.47, 1.94, 4.19] => [4.985593795776367, 1.539475440979004, 0.9701929092407227, 0.568850576877594] (expected [5.0, 1.6, 0.85, 0.6])




Accuracy: 97.16
[10.31, 11.95, 0.6, 2.19, 1.51, 3.88] => [5.765742301940918, 2.26961612701416, 0.784034788608551, 1.2908602952957153] (expected [5.0, 2.1, 0.85, 1.6])
[12.82, 10.82, 0.68, 2.26, 1.67, 3.96] => [5.199151039123535, 1.7967711687088013, 0.7509489059448242, 1.2160111665725708] (expected [5.0, 2.1, 0.85, 1.1])
[19.68, 9.64, 0.85, 2.42, 1.95, 4.12] => [4.970255374908447, 2.0193653106689453, 0.7850794196128845, 0.7712427377700806] (expected [5.0, 2.1, 0.85, 0.6])
[124.0, 9.99, 1.46, 3.02, 2.67, 4.73] => [4.261294364929199, 1.8046497106552124, 1.0198960304260254, 0.0] (expected [5.0, 2.1, 0.85, 0.1])
[16.67, 12.15, 0.66, 1.74, 1.63, 2.9] => [5.121728897094727, 1.5681439638137817, 0.7409136295318604, 1.2660876512527466] (expected [5.0, 1.6, 1.85, 1.6])
[22.43, 11.51, 0.81, 1.84, 1.78, 2.99] => [4.971100807189941, 1.598253607749939, 0.7580863237380981, 1.026930570602417] (expected [5.0, 1.6, 1.85, 1.1])
[39.34, 11.16, 0.97, 2.01, 2.04, 3.16] => [4.961997032165527, 1.9930065870285034, 0.8282433152198792, 0.4311760663986206] (expected [5.0, 1.6, 1.85, 0.6])
[318.34, 13.85, 1.47, 2.53, 2.48, 3.68] => [5.8057427406311035, 1.6909540891647339, 1.2634607553482056, 0.0] (expected [5.0, 1.6, 1.85, 0.1])
[15.99, 13.99, 0.69, 1.92, 1.58, 3.27] => [5.31591272354126, 1.72205650806427, 0.755617618560791, 1.2663054466247559] (expected [5.0, 1.6, 1.35, 1.6])
[21.11, 13.11, 0.77, 2.0, 1.73, 3.36] => [4.832603454589844, 1.2894686460494995, 0.7306616306304932, 1.1800055503845215] (expected [5.0, 1.6, 1.35, 1.1])
[35.45, 12.38, 0.92, 2.17, 1.97, 3.52] => [5.096014976501465, 1.9640179872512817, 0.8144810199737549, 0.632340669631958] (expected [5.0, 1.6, 1.35, 0.6])
[256.76, 14.1, 1.45, 2.69, 2.52, 4.05] => [5.713003635406494, 1.2219033241271973, 1.1950286626815796, 0.0] (expected [5.0, 1.6, 1.35, 0.1])
[15.36, 17.37, 0.66, 2.26, 1.54, 3.96] => [5.489449977874756, 1.8707014322280884, 0.7686726450920105, 1.2660040855407715] (expected [5.0, 1.6, 0.85, 1.6])
[19.87, 16.11, 0.75, 2.33, 1.69, 4.04] => [5.008689880371094, 1.4507085084915161, 0.7437322735786438, 1.1799826622009277] (expected [5.0, 1.6, 0.85, 1.1])
[32.06, 14.82, 0.9, 2.47, 1.94, 4.19] => [4.593385696411133, 1.2126699686050415, 0.7488096952438354, 0.8845669627189636] (expected [5.0, 1.6, 0.85, 0.6])




Accuracy: 91.05
[1283.65, 132.35, 2.44, 4.02, 4.21, 5.72] => [5.596713066101074, 0.0, 0.8169278502464294, 0.7172105312347412] (expected [3.0, 0.1, 0.85, 0.1])
[212.65, 132.2, 1.86, 3.41, 3.43, 5.11] => [5.440032005310059, 0.0, 0.873015820980072, 0.7919117212295532] (expected [3.0, 0.1, 0.85, 0.6])
[119.04, 134.71, 1.57, 3.19, 3.13, 4.9] => [5.425864219665527, 0.2925412654876709, 0.8780876994132996, 0.798666775226593] (expected [3.0, 0.1, 0.85, 1.1])
[84.51, 137.47, 1.45, 3.07, 2.96, 4.77] => [5.421529769897461, 0.3834850788116455, 0.8796390891075134, 0.8007330298423767] (expected [3.0, 0.1, 0.85, 1.6])
[229.0, 107.22, 1.85, 3.1, 3.74, 4.44] => [5.433149337768555, 0.13966155052185059, 0.8754797577857971, 0.7951934337615967] (expected [3.0, 0.1, 1.35, 0.6])
[126.41, 108.44, 1.6, 2.89, 3.39, 4.23] => [5.417546272277832, 0.46709513664245605, 0.8810653686523438, 0.8026326298713684] (expected [3.0, 0.1, 1.35, 1.1])
[89.11, 110.16, 1.49, 2.75, 3.15, 4.1] => [5.412240028381348, 0.5784413814544678, 0.8829647898674011, 0.8051623702049255] (expected [3.0, 0.1, 1.35, 1.6])
[191.07, 20.07, 2.04, 3.59, 3.74, 5.3] => [5.3597517013549805, 1.679900884628296, 0.9017542600631714, 0.8301872611045837] (expected [3.0, 0.6, 0.85, 0.1])
[31.12, 19.74, 1.27, 2.86, 2.84, 4.56] => [5.34221076965332, 2.044976234436035, 0.9080218076705933, 0.8384838700294495] (expected [3.0, 0.6, 0.85, 0.6])
[19.23, 21.48, 1.08, 2.64, 2.46, 4.34] => [3.5671205520629883, 1.1899826526641846, 0.6550173759460449, 0.8369472026824951] (expected [3.0, 0.6, 0.85, 1.1])
[14.89, 23.22, 0.92, 2.52, 2.22, 4.22] => [3.494842052459717, 1.1542872190475464, 0.6440714597702026, 0.8368566036224365] (expected [3.0, 0.6, 0.85, 1.6])
[242.08, 18.31, 2.02, 3.29, 3.87, 4.64] => [5.3662214279174805, 1.5441303253173828, 0.8994381427764893, 0.827102541923523] (expected [3.0, 0.6, 1.35, 0.1])
[34.86, 16.39, 1.33, 2.56, 3.08, 3.92] => [5.334423065185547, 2.045705556869507, 0.9101848006248474, 0.8386197090148926] (expected [3.0, 0.6, 1.35, 0.6])
[20.59, 17.37, 1.11, 2.34, 2.64, 3.69] => [4.17971658706665, 1.4925189018249512, 0.7477892637252808, 0.8377153277397156] (expected [3.0, 0.6, 1.35, 1.1])
[15.62, 18.57, 0.95, 2.19, 2.36, 3.55] => [3.2579188346862793, 1.037280559539795, 0.608191728591919, 0.836559534072876] (expected [3.0, 0.6, 1.35, 1.6])
-----------------------------------------------------
[7.28, 7.11, 0.66, 2.21, 1.89, 3.92] => [4.376894474029541, 2.990654706954956, 0.6713813543319702, 0.9221580028533936] (expected [4.0, 2.1, 0.85, 1.1])
[10.06, 5.93, 0.85, 2.41, 2.31, 4.1] => [3.695018768310547, 2.624575614929199, 0.5705007314682007, 0.9195346832275391] (expected [4.0, 2.1, 0.85, 0.6])
[68.2, 6.48, 1.79, 3.3, 3.32, 5.01] => [4.8359222412109375, 3.0700435638427734, 0.751832127571106, 0.9138877987861633] (expected [4.0, 2.1, 0.85, 0.1])
[9.79, 8.16, 0.7, 1.75, 1.88, 2.9] => [4.5313005447387695, 2.52519154548645, 0.7353874444961548, 0.8898071646690369] (expected [4.0, 1.6, 1.85, 1.6])
[12.55, 7.49, 0.79, 1.86, 2.17, 3.02] => [3.9117591381073, 2.1357572078704834, 0.6479941606521606, 0.8840098977088928] (expected [4.0, 1.6, 1.85, 1.1])
[21.34, 7.1, 1.09, 2.1, 2.59, 3.25] => [5.5716986656188965, 2.990772008895874, 0.8953679800033569, 0.8894169926643372] (expected [4.0, 1.6, 1.85, 0.6])
[209.0, 10.23, 1.7, 2.78, 2.94, 3.93] => [5.3424530029296875, 2.042914390563965, 0.9079467058181763, 0.8384348154067993] (expected [4.0, 1.6, 1.85, 0.1])
[9.38, 9.46, 0.66, 1.92, 1.79, 3.26] => [4.607884407043457, 2.434990406036377, 0.7565749883651733, 0.8822124004364014] (expected [4.0, 1.6, 1.35, 1.6])
[11.75, 8.57, 0.77, 2.01, 2.01, 3.37] => [4.376666069030762, 2.381192445755005, 0.71708744764328, 0.8855485916137695] (expected [4.0, 1.6, 1.35, 1.1])
[18.73, 7.79, 1.04, 2.24, 2.4, 3.58] => [4.807089805603027, 2.6142163276672363, 0.7806209325790405, 0.8873211741447449] (expected [4.0, 1.6, 1.35, 0.6])
[154.54, 9.83, 1.73, 2.96, 3.03, 4.3] => [5.341411590576172, 2.045051097869873, 0.9082438349723816, 0.8384978175163269] (expected [4.0, 1.6, 1.35, 0.1])
[9.0, 11.81, 0.63, 2.23, 1.71, 3.94] => [4.535998821258545, 2.089690923690796, 0.768962562084198, 0.8635092377662659] (expected [4.0, 1.6, 0.85, 1.6])
[11.05, 10.58, 0.75, 2.33, 1.91, 4.03] => [4.4881272315979, 2.2449135780334473, 0.748299241065979, 0.8741947412490845] (expected [4.0, 1.6, 0.85, 1.1])
[16.61, 9.28, 0.96, 2.51, 2.27, 4.21] => [4.373093605041504, 2.275499105453491, 0.7243487238883972, 0.8793001174926758] (expected [4.0, 1.6, 0.85, 0.6])
[105.45, 9.69, 1.69, 3.24, 3.12, 4.94] => [5.338324069976807, 2.0453402996063232, 0.9091013073921204, 0.8385516405105591] (expected [4.0, 1.6, 0.85, 0.1])
-----------------------------------------------------
[11.49, 7.08, 0.96, 2.49, 2.49, 4.21] => [3.25395131111145, 1.991617202758789, 0.5349844694137573, 0.8940367698669434] (expected [3.5, 1.6, 0.85, 0.6])
[75.13, 7.6, 1.91, 3.42, 3.53, 5.11] => [5.025149345397949, 2.4260711669921875, 0.8357928395271301, 0.8698230981826782] (expected [3.5, 1.6, 0.85, 0.1])
[11.7, 10.45, 0.76, 1.84, 2.12, 3.01] => [3.4922494888305664, 1.2120634317398071, 0.6383600234985352, 0.8404325246810913] (expected [3.5, 1.1, 1.85, 1.6])
[15.39, 9.71, 0.92, 1.99, 2.42, 3.14] => [3.272033214569092, 1.0815277099609375, 0.6067038774490356, 0.8388457894325256] (expected [3.5, 1.1, 1.85, 1.1])
[229.41, 12.28, 1.82, 2.9, 3.28, 4.05] => [5.350557327270508, 1.872854471206665, 0.905045747756958, 0.8345710635185242] (expected [3.5, 1.1, 1.85, 0.1])
[11.18, 12.12, 0.79, 2.01, 1.99, 3.37] => [4.009704113006592, 1.408556580543518, 0.7220423817634583, 0.837502121925354] (expected [3.5, 1.1, 1.35, 1.6])
[14.36, 11.12, 0.89, 2.12, 2.24, 3.49] => [3.6651971340179443, 1.237737774848938, 0.6693727970123291, 0.8370485305786133] (expected [3.5, 1.1, 1.35, 1.1])
[23.43, 10.26, 1.11, 2.35, 2.64, 3.71] => [5.441978454589844, 2.298114776611328, 0.9233210682868958, 0.8503136038780212] (expected [3.5, 1.1, 1.35, 0.6])
[179.05, 12.26, 1.82, 3.09, 3.33, 4.43] => [5.352404594421387, 1.8340771198272705, 0.9043842554092407, 0.8336900472640991] (expected [3.5, 1.1, 1.35, 0.1])
[10.73, 15.14, 0.77, 2.35, 1.88, 4.04] => [4.251071929931641, 1.5277584791183472, 0.75859534740448, 0.8378047347068787] (expected [3.5, 1.1, 0.85, 1.6])
[13.45, 13.73, 0.88, 2.44, 2.1, 4.14] => [4.041318893432617, 1.4241700172424316, 0.726830244064331, 0.8375417590141296] (expected [3.5, 1.1, 0.85, 1.1])
[20.85, 12.27, 1.09, 2.64, 2.46, 4.34] => [4.362371444702148, 1.5827245712280273, 0.7754504680633545, 0.8379443287849426] (expected [3.5, 1.1, 0.85, 0.6])
[129.96, 12.64, 1.83, 3.37, 3.35, 5.08] => [5.346745491027832, 1.9528415203094482, 0.9064102172851562, 0.836388349533081] (expected [3.5, 1.1, 0.85, 0.1])
[22.97, 20.67, 0.99, 2.01, 2.26, 3.17] => [5.344202995300293, 2.0061869621276855, 0.9073202610015869, 0.8376003503799438] (expected [3.5, 0.6, 1.85, 1.6])
[31.78, 19.84, 1.07, 2.13, 2.5, 3.29] => [5.34705924987793, 1.9462497234344482, 0.9062978029251099, 0.8362386226654053] (expected [3.5, 0.6, 1.85, 1.1])
-----------------------------------------------------
[10.31, 11.95, 0.6, 2.19, 1.51, 3.88] => [5.41983699798584, 2.7070045471191406, 0.8890029788017273, 0.8754892349243164] (expected [5.0, 2.1, 0.85, 1.6])
[12.82, 10.82, 0.68, 2.26, 1.67, 3.96] => [5.392727851867676, 2.8654963970184326, 0.8720027208328247, 0.8857813477516174] (expected [5.0, 2.1, 0.85, 1.1])
[19.68, 9.64, 0.85, 2.42, 1.95, 4.12] => [6.000382900238037, 3.2123098373413086, 0.9537806510925293, 0.8955877423286438] (expected [5.0, 2.1, 0.85, 0.6])
[124.0, 9.99, 1.46, 3.02, 2.67, 4.73] => [5.34567928314209, 1.9752113819122314, 0.9067918062210083, 0.8368965983390808] (expected [5.0, 2.1, 0.85, 0.1])
[16.67, 12.15, 0.66, 1.74, 1.63, 2.9] => [5.556075096130371, 2.355991840362549, 0.922031044960022, 0.855426549911499] (expected [5.0, 1.6, 1.85, 1.6])
[22.43, 11.51, 0.81, 1.84, 1.78, 2.99] => [5.577761173248291, 2.3678643703460693, 0.9230345487594604, 0.8566488027572632] (expected [5.0, 1.6, 1.85, 1.1])
[39.34, 11.16, 0.97, 2.01, 2.04, 3.16] => [5.403065204620361, 2.0881845951080322, 0.9115915298461914, 0.8422640562057495] (expected [5.0, 1.6, 1.85, 0.6])
[318.34, 13.85, 1.47, 2.53, 2.48, 3.68] => [5.360028266906738, 1.6741023063659668, 0.901655375957489, 0.8300554752349854] (expected [5.0, 1.6, 1.85, 0.1])
[15.99, 13.99, 0.69, 1.92, 1.58, 3.27] => [5.329946517944336, 2.0461246967315674, 0.911427915096283, 0.8386977910995483] (expected [5.0, 1.6, 1.35, 1.6])
[21.11, 13.11, 0.77, 2.0, 1.73, 3.36] => [5.434938430786133, 2.131565809249878, 0.9135398268699646, 0.8446999788284302] (expected [5.0, 1.6, 1.35, 1.1])
[35.45, 12.38, 0.92, 2.17, 1.97, 3.52] => [5.349598407745361, 2.0034666061401367, 0.9081053733825684, 0.8378831744194031] (expected [5.0, 1.6, 1.35, 0.6])
[256.76, 14.1, 1.45, 2.69, 2.52, 4.05] => [5.3647966384887695, 1.5740431547164917, 0.8999484181404114, 0.827782154083252] (expected [5.0, 1.6, 1.35, 0.1])
[15.36, 17.37, 0.66, 2.26, 1.54, 3.96] => [5.309998512268066, 2.047992706298828, 0.9169679284095764, 0.8390457034111023] (expected [5.0, 1.6, 0.85, 1.6])
[19.87, 16.11, 0.75, 2.33, 1.69, 4.04] => [5.3417510986328125, 2.0450193881988525, 0.9081495404243469, 0.8384918570518494] (expected [5.0, 1.6, 0.85, 1.1])
[32.06, 14.82, 0.9, 2.47, 1.94, 4.19] => [5.343671798706055, 2.0173442363739014, 0.90751051902771, 0.8378538489341736] (expected [5.0, 1.6, 0.85, 0.6])
-----------------------------------------------------
[10.82, 6.88, 0.52, 1.55, 1.33, 2.71] => [6.479865074157715, 3.9404876232147217, 0.9844679832458496, 0.9340962171554565] (expected [7.0, 3.6, 1.85, 1.6])
[13.91, 6.38, 0.58, 1.63, 1.48, 2.79] => [6.533880233764648, 3.9624974727630615, 0.9868295788764954, 0.9369540810585022] (expected [7.0, 3.6, 1.85, 1.1])
[23.94, 6.08, 0.8, 1.79, 1.71, 2.95] => [6.437060356140137, 3.7922661304473877, 0.9802097678184509, 0.9286062121391296] (expected [7.0, 3.6, 1.85, 0.6])
[244.11, 8.84, 1.27, 2.31, 2.07, 3.47] => [5.6149444580078125, 2.5097858905792236, 0.926973819732666, 0.8617424964904785] (expected [7.0, 3.6, 1.85, 0.1])
[10.38, 7.92, 0.52, 1.74, 1.29, 3.08] => [6.415205478668213, 3.821603298187256, 0.9799520969390869, 0.9283930659294128] (expected [7.0, 3.6, 1.35, 1.6])
[13.1, 7.24, 0.62, 1.8, 1.44, 3.15] => [6.46524715423584, 3.8984949588775635, 0.9831711649894714, 0.93243408203125] (expected [7.0, 3.6, 1.35, 1.1])
[21.11, 6.65, 0.74, 1.95, 1.67, 3.3] => [6.460428714752197, 3.8400533199310303, 0.9819298386573792, 0.9307863116264343] (expected [7.0, 3.6, 1.35, 0.6])
[176.29, 8.35, 1.27, 2.48, 2.16, 3.84] => [5.711174011230469, 2.6518468856811523, 0.9330581426620483, 0.8693703413009644] (expected [7.0, 3.6, 1.35, 0.1])
[9.99, 9.82, 0.49, 2.06, 1.26, 3.77] => [6.246033668518066, 3.583024024963379, 0.9694596529006958, 0.9152586460113525] (expected [7.0, 3.6, 0.85, 1.6])
[12.31, 8.87, 0.6, 2.13, 1.39, 3.83] => [6.363555908203125, 3.7415881156921387, 0.9766177535057068, 0.9242060780525208] (expected [7.0, 3.6, 0.85, 1.1])
[18.82, 7.88, 0.75, 2.24, 1.62, 3.95] => [6.438108444213867, 3.813875436782837, 0.9806421995162964, 0.929184079170227] (expected [7.0, 3.6, 0.85, 0.6])
[119.6, 8.22, 1.27, 2.77, 2.22, 4.48] => [5.8101701736450195, 2.8038740158081055, 0.9394247531890869, 0.8773624897003174] (expected [7.0, 3.6, 0.85, 0.1])
[14.43, 8.89, 0.56, 1.59, 1.31, 2.75] => [6.224607467651367, 3.3795199394226074, 0.964968204498291, 0.9093214869499207] (expected [7.0, 3.1, 1.85, 1.6])
[19.14, 8.37, 0.63, 1.67, 1.45, 2.83] => [6.217282772064209, 3.3843860626220703, 0.9647912979125977, 0.9091275930404663] (expected [7.0, 3.1, 1.85, 1.1])
[33.23, 8.07, 0.8, 1.82, 1.65, 2.97] => [6.080873489379883, 3.162321090698242, 0.9557890295982361, 0.8978046178817749] (expected [7.0, 3.1, 1.85, 0.6])




Accuracy: 94.01
[1283.65, 132.35, 2.44, 4.02, 4.21, 5.72] => [5.483552932739258, 1.3966485261917114, 0.9005030989646912, 0.7279679179191589] (expected [3.0, 0.1, 0.85, 0.1])
[212.65, 132.2, 1.86, 3.41, 3.43, 5.11] => [5.483552932739258, 1.3966485261917114, 0.9005030989646912, 0.7279679179191589] (expected [3.0, 0.1, 0.85, 0.6])
[119.04, 134.71, 1.57, 3.19, 3.13, 4.9] => [5.483552932739258, 1.3966485261917114, 0.9005030989646912, 0.7279679179191589] (expected [3.0, 0.1, 0.85, 1.1])
[84.51, 137.47, 1.45, 3.07, 2.96, 4.77] => [5.483552932739258, 1.3966485261917114, 0.9005030989646912, 0.7279679179191589] (expected [3.0, 0.1, 0.85, 1.6])
[229.0, 107.22, 1.85, 3.1, 3.74, 4.44] => [5.483552932739258, 1.3966485261917114, 0.9005030989646912, 0.7279679179191589] (expected [3.0, 0.1, 1.35, 0.6])
[126.41, 108.44, 1.6, 2.89, 3.39, 4.23] => [5.483552932739258, 1.3966485261917114, 0.9005030989646912, 0.7279679179191589] (expected [3.0, 0.1, 1.35, 1.1])
[89.11, 110.16, 1.49, 2.75, 3.15, 4.1] => [5.483552932739258, 1.3966485261917114, 0.9005030989646912, 0.7279679179191589] (expected [3.0, 0.1, 1.35, 1.6])
[191.07, 20.07, 2.04, 3.59, 3.74, 5.3] => [5.483552932739258, 1.3966485261917114, 0.9005030989646912, 0.7279679179191589] (expected [3.0, 0.6, 0.85, 0.1])
[31.12, 19.74, 1.27, 2.86, 2.84, 4.56] => [3.7166192531585693, 0.9999412298202515, 0.7419775128364563, 0.7393032908439636] (expected [3.0, 0.6, 0.85, 0.6])
[19.23, 21.48, 1.08, 2.64, 2.46, 4.34] => [2.778791666030884, 0.7893826365470886, 0.6578376293182373, 0.7453197240829468] (expected [3.0, 0.6, 0.85, 1.1])
[14.89, 23.22, 0.92, 2.52, 2.22, 4.22] => [2.4447340965270996, 0.7143808603286743, 0.6278666257858276, 0.747462809085846] (expected [3.0, 0.6, 0.85, 1.6])
[242.08, 18.31, 2.02, 3.29, 3.87, 4.64] => [5.483552932739258, 1.3966485261917114, 0.9005030989646912, 0.7279679179191589] (expected [3.0, 0.6, 1.35, 0.1])
[34.86, 16.39, 1.33, 2.56, 3.08, 3.92] => [3.980501413345337, 1.0591872930526733, 0.7656524777412415, 0.737610399723053] (expected [3.0, 0.6, 1.35, 0.6])
[20.59, 17.37, 1.11, 2.34, 2.64, 3.69] => [2.983757972717285, 0.8354011178016663, 0.6762267351150513, 0.7440047860145569] (expected [3.0, 0.6, 1.35, 1.1])
[15.62, 18.57, 0.95, 2.19, 2.36, 3.55] => [2.732962131500244, 0.7790931463241577, 0.6537258625030518, 0.7456137537956238] (expected [3.0, 0.6, 1.35, 1.6])
-----------------------------------------------------
[7.28, 7.11, 0.66, 2.21, 1.89, 3.92] => [4.791086673736572, 2.790188789367676, 0.7556355595588684, 0.9768257141113281] (expected [4.0, 2.1, 0.85, 1.1])
[10.06, 5.93, 0.85, 2.41, 2.31, 4.1] => [4.866121292114258, 2.804859161376953, 0.7624837756156921, 0.976000964641571] (expected [4.0, 2.1, 0.85, 0.6])
[68.2, 6.48, 1.79, 3.3, 3.32, 5.01] => [4.996078014373779, 1.287202000617981, 0.8567678928375244, 0.7310951948165894] (expected [4.0, 2.1, 0.85, 0.1])
[9.79, 8.16, 0.7, 1.75, 1.88, 2.9] => [4.669951915740967, 2.288358449935913, 0.7701202630996704, 0.9027113318443298] (expected [4.0, 1.6, 1.85, 1.6])
[12.55, 7.49, 0.79, 1.86, 2.17, 3.02] => [4.448145866394043, 1.8512650728225708, 0.7709077596664429, 0.8430238962173462] (expected [4.0, 1.6, 1.85, 1.1])
[21.34, 7.1, 1.09, 2.1, 2.59, 3.25] => [5.207469463348389, 1.7221970558166504, 0.8550332188606262, 0.7908873558044434] (expected [4.0, 1.6, 1.85, 0.6])
[209.0, 10.23, 1.7, 2.78, 2.94, 3.93] => [5.483552932739258, 1.3966485261917114, 0.9005030989646912, 0.7279679179191589] (expected [4.0, 1.6, 1.85, 0.1])
[9.38, 9.46, 0.66, 1.92, 1.79, 3.26] => [4.708584785461426, 2.357121706008911, 0.7703766226768494, 0.9119449257850647] (expected [4.0, 1.6, 1.35, 1.6])
[11.75, 8.57, 0.77, 2.01, 2.01, 3.37] => [4.540838241577148, 1.9434125423431396, 0.775413453578949, 0.8536853194236755] (expected [4.0, 1.6, 1.35, 1.1])
[18.73, 7.79, 1.04, 2.24, 2.4, 3.58] => [5.170539379119873, 1.8095448017120361, 0.8466113209724426, 0.8062149286270142] (expected [4.0, 1.6, 1.35, 0.6])
[154.54, 9.83, 1.73, 2.96, 3.03, 4.3] => [5.483552932739258, 1.3966485261917114, 0.9005030989646912, 0.7279679179191589] (expected [4.0, 1.6, 1.35, 0.1])
[9.0, 11.81, 0.63, 2.23, 1.71, 3.94] => [4.612092971801758, 2.3326332569122314, 0.7618705034255981, 0.9121183156967163] (expected [4.0, 1.6, 0.85, 1.6])
[11.05, 10.58, 0.75, 2.33, 1.91, 4.03] => [4.5555644035339355, 2.049133539199829, 0.7712641358375549, 0.8697506189346313] (expected [4.0, 1.6, 0.85, 1.1])
[16.61, 9.28, 0.96, 2.51, 2.27, 4.21] => [4.499171733856201, 1.3168022632598877, 0.8046461343765259, 0.756557047367096] (expected [4.0, 1.6, 0.85, 0.6])
[105.45, 9.69, 1.69, 3.24, 3.12, 4.94] => [5.191987991333008, 1.331187129020691, 0.874344527721405, 0.7298383712768555] (expected [4.0, 1.6, 0.85, 0.1])
-----------------------------------------------------
[11.49, 7.08, 0.96, 2.49, 2.49, 4.21] => [4.208526611328125, 2.073281764984131, 0.7346768379211426, 0.8880815505981445] (expected [3.5, 1.6, 0.85, 0.6])
[75.13, 7.6, 1.91, 3.42, 3.53, 5.11] => [4.444013595581055, 1.163253903388977, 0.8072378635406494, 0.7346368432044983] (expected [3.5, 1.6, 0.85, 0.1])
[11.7, 10.45, 0.76, 1.84, 2.12, 3.01] => [3.8056201934814453, 1.3934725522994995, 0.7300092577934265, 0.7976739406585693] (expected [3.5, 1.1, 1.85, 1.6])
[15.39, 9.71, 0.92, 1.99, 2.42, 3.14] => [3.6440582275390625, 0.9836499691009521, 0.7354674935340881, 0.7397688031196594] (expected [3.5, 1.1, 1.85, 1.1])
[229.41, 12.28, 1.82, 2.9, 3.28, 4.05] => [5.483552932739258, 1.3966485261917114, 0.9005030989646912, 0.7279679179191589] (expected [3.5, 1.1, 1.85, 0.1])
[11.18, 12.12, 0.79, 2.01, 1.99, 3.37] => [3.9809956550598145, 1.599530816078186, 0.7368401288986206, 0.8228495121002197] (expected [3.5, 1.1, 1.35, 1.6])
[14.36, 11.12, 0.89, 2.12, 2.24, 3.49] => [3.7926487922668457, 1.0454598665237427, 0.747279167175293, 0.743304431438446] (expected [3.5, 1.1, 1.35, 1.1])
[23.43, 10.26, 1.11, 2.35, 2.64, 3.71] => [4.480859279632568, 1.1715264320373535, 0.8105435371398926, 0.7344004511833191] (expected [3.5, 1.1, 1.35, 0.6])
[179.05, 12.26, 1.82, 3.09, 3.33, 4.43] => [5.483552932739258, 1.3966485261917114, 0.9005030989646912, 0.7279679179191589] (expected [3.5, 1.1, 1.35, 0.1])
[10.73, 15.14, 0.77, 2.35, 1.88, 4.04] => [3.8775243759155273, 1.5699703693389893, 0.7278950214385986, 0.8225145936012268] (expected [3.5, 1.1, 0.85, 1.6])
[13.45, 13.73, 0.88, 2.44, 2.1, 4.14] => [3.822059154510498, 1.1880402565002441, 0.7426545023918152, 0.7645713090896606] (expected [3.5, 1.1, 0.85, 1.1])
[20.85, 12.27, 1.09, 2.64, 2.46, 4.34] => [4.188920021057129, 1.1059808731079102, 0.7843513488769531, 0.7362733483314514] (expected [3.5, 1.1, 0.85, 0.6])
[129.96, 12.64, 1.83, 3.37, 3.35, 5.08] => [5.117069244384766, 1.3143665790557861, 0.867622971534729, 0.7303190231323242] (expected [3.5, 1.1, 0.85, 0.1])
[22.97, 20.67, 0.99, 2.01, 2.26, 3.17] => [3.5329742431640625, 0.958709716796875, 0.725501298904419, 0.740481436252594] (expected [3.5, 0.6, 1.85, 1.6])
[31.78, 19.84, 1.07, 2.13, 2.5, 3.29] => [4.202081203460693, 1.108935832977295, 0.7855321764945984, 0.7361888885498047] (expected [3.5, 0.6, 1.85, 1.1])
-----------------------------------------------------
[10.31, 11.95, 0.6, 2.19, 1.51, 3.88] => [5.219217300415039, 2.5456490516662598, 0.8122431039810181, 0.9203266501426697] (expected [5.0, 2.1, 0.85, 1.6])
[12.82, 10.82, 0.68, 2.26, 1.67, 3.96] => [5.234804630279541, 2.2289977073669434, 0.8307425379753113, 0.8697106838226318] (expected [5.0, 2.1, 0.85, 1.1])
[19.68, 9.64, 0.85, 2.42, 1.95, 4.12] => [5.461974620819092, 1.4992371797561646, 0.8928285241127014, 0.7450580596923828] (expected [5.0, 2.1, 0.85, 0.6])
[124.0, 9.99, 1.46, 3.02, 2.67, 4.73] => [5.483552932739258, 1.3966485261917114, 0.9005030989646912, 0.7279679179191589] (expected [5.0, 2.1, 0.85, 0.1])
[16.67, 12.15, 0.66, 1.74, 1.63, 2.9] => [5.148627758026123, 1.5270042419433594, 0.8594746589660645, 0.7625502347946167] (expected [5.0, 1.6, 1.85, 1.6])
[22.43, 11.51, 0.81, 1.84, 1.78, 2.99] => [5.483552932739258, 1.3966485261917114, 0.9005030989646912, 0.7279679179191589] (expected [5.0, 1.6, 1.85, 1.1])
[39.34, 11.16, 0.97, 2.01, 2.04, 3.16] => [5.013556480407715, 1.2911261320114136, 0.8583360314369202, 0.7309830784797668] (expected [5.0, 1.6, 1.85, 0.6])
[318.34, 13.85, 1.47, 2.53, 2.48, 3.68] => [5.483552932739258, 1.3966485261917114, 0.9005030989646912, 0.7279679179191589] (expected [5.0, 1.6, 1.85, 0.1])
[15.99, 13.99, 0.69, 1.92, 1.58, 3.27] => [5.082793235778809, 1.5817344188690186, 0.8498551845550537, 0.7739406228065491] (expected [5.0, 1.6, 1.35, 1.6])
[21.11, 13.11, 0.77, 2.0, 1.73, 3.36] => [5.387659072875977, 1.3751187324523926, 0.8918997049331665, 0.7285830974578857] (expected [5.0, 1.6, 1.35, 1.1])
[35.45, 12.38, 0.92, 2.17, 1.97, 3.52] => [5.070295810699463, 1.3038651943206787, 0.8634265661239624, 0.7306190729141235] (expected [5.0, 1.6, 1.35, 0.6])
[256.76, 14.1, 1.45, 2.69, 2.52, 4.05] => [5.483552932739258, 1.3966485261917114, 0.9005030989646912, 0.7279679179191589] (expected [5.0, 1.6, 1.35, 0.1])
[15.36, 17.37, 0.66, 2.26, 1.54, 3.96] => [5.207851409912109, 1.667708158493042, 0.8579826354980469, 0.7822736501693726] (expected [5.0, 1.6, 0.85, 1.6])
[19.87, 16.11, 0.75, 2.33, 1.69, 4.04] => [5.285004615783691, 1.3520710468292236, 0.8826897740364075, 0.729241669178009] (expected [5.0, 1.6, 0.85, 1.1])
[32.06, 14.82, 0.9, 2.47, 1.94, 4.19] => [5.483552932739258, 1.3966485261917114, 0.9005030989646912, 0.7279679179191589] (expected [5.0, 1.6, 0.85, 0.6])
-----------------------------------------------------
[10.82, 6.88, 0.52, 1.55, 1.33, 2.71] => [6.168797016143799, 3.2040181159973145, 0.8736584186553955, 0.9844776391983032] (expected [7.0, 3.6, 1.85, 1.6])
[13.91, 6.38, 0.58, 1.63, 1.48, 2.79] => [6.161627769470215, 3.1851086616516113, 0.8739392757415771, 0.9817939400672913] (expected [7.0, 3.6, 1.85, 1.1])
[23.94, 6.08, 0.8, 1.79, 1.71, 2.95] => [5.798518180847168, 2.227386951446533, 0.888164222240448, 0.8458698987960815] (expected [7.0, 3.6, 1.85, 0.6])
[244.11, 8.84, 1.27, 2.31, 2.07, 3.47] => [5.483552932739258, 1.3966485261917114, 0.9005030989646912, 0.7279679179191589] (expected [7.0, 3.6, 1.85, 0.1])
[10.38, 7.92, 0.52, 1.74, 1.29, 3.08] => [6.1877264976501465, 3.253946304321289, 0.8729168176651001, 0.9915636777877808] (expected [7.0, 3.6, 1.35, 1.6])
[13.1, 7.24, 0.62, 1.8, 1.44, 3.15] => [6.105443000793457, 3.036919116973877, 0.876140296459198, 0.9607622623443604] (expected [7.0, 3.6, 1.35, 1.1])
[21.11, 6.65, 0.74, 1.95, 1.67, 3.3] => [5.9816412925720215, 2.7103841304779053, 0.8809902667999268, 0.9144189953804016] (expected [7.0, 3.6, 1.35, 0.6])
[176.29, 8.35, 1.27, 2.48, 2.16, 3.84] => [5.483552932739258, 1.3966485261917114, 0.9005030989646912, 0.7279679179191589] (expected [7.0, 3.6, 1.35, 0.1])
[9.99, 9.82, 0.49, 2.06, 1.26, 3.77] => [6.117372989654541, 3.209604501724243, 0.8681296706199646, 0.9875108003616333] (expected [7.0, 3.6, 0.85, 1.6])
[12.31, 8.87, 0.6, 2.13, 1.39, 3.83] => [6.074649333953857, 2.9556989669799805, 0.8773466348648071, 0.9492351412773132] (expected [7.0, 3.6, 0.85, 1.1])
[18.82, 7.88, 0.75, 2.24, 1.62, 3.95] => [5.944846153259277, 2.613335371017456, 0.8824317455291748, 0.90064537525177] (expected [7.0, 3.6, 0.85, 0.6])
[119.6, 8.22, 1.27, 2.77, 2.22, 4.48] => [5.483552932739258, 1.3966485261917114, 0.9005030989646912, 0.7279679179191589] (expected [7.0, 3.6, 0.85, 0.1])
[14.43, 8.89, 0.56, 1.59, 1.31, 2.75] => [5.940435409545898, 2.6017022132873535, 0.8826045393943787, 0.8989944458007812] (expected [7.0, 3.1, 1.85, 1.6])
[19.14, 8.37, 0.63, 1.67, 1.45, 2.83] => [5.784314155578613, 2.189923048019409, 0.8887206315994263, 0.8405529260635376] (expected [7.0, 3.1, 1.85, 1.1])
[33.23, 8.07, 0.8, 1.82, 1.65, 2.97] => [5.483552932739258, 1.3966485261917114, 0.9005030989646912, 0.7279679179191589] (expected [7.0, 3.1, 1.85, 0.6])




Accuracy: 92.25
[1283.65, 132.35, 2.44, 4.02, 4.21, 5.72] => [5.063359260559082, 0.0, 0.0, 0.0] (expected [3.0, 0.1, 0.85, 0.1])
[212.65, 132.2, 1.86, 3.41, 3.43, 5.11] => [4.3323564529418945, 0.0, 0.0, 0.0] (expected [3.0, 0.1, 0.85, 0.6])
[119.04, 134.71, 1.57, 3.19, 3.13, 4.9] => [4.051142692565918, 0.0, 0.0, 0.0] (expected [3.0, 0.1, 0.85, 1.1])
[84.51, 137.47, 1.45, 3.07, 2.96, 4.77] => [3.979597806930542, 0.0, 0.0, 0.0] (expected [3.0, 0.1, 0.85, 1.6])
[229.0, 107.22, 1.85, 3.1, 3.74, 4.44] => [4.200451850891113, 0.0, 0.0, 0.0] (expected [3.0, 0.1, 1.35, 0.6])
[126.41, 108.44, 1.6, 2.89, 3.39, 4.23] => [3.9246938228607178, 0.0, 0.0, 0.0] (expected [3.0, 0.1, 1.35, 1.1])
[89.11, 110.16, 1.49, 2.75, 3.15, 4.1] => [3.8847968578338623, 0.0, 0.0, 0.0] (expected [3.0, 0.1, 1.35, 1.6])
[191.07, 20.07, 2.04, 3.59, 3.74, 5.3] => [3.1012120246887207, 0.0, 0.0, 0.0] (expected [3.0, 0.6, 0.85, 0.1])
[31.12, 19.74, 1.27, 2.86, 2.84, 4.56] => [3.24271821975708, 0.0, 0.0, 0.0] (expected [3.0, 0.6, 0.85, 0.6])
[19.23, 21.48, 1.08, 2.64, 2.46, 4.34] => [3.476870536804199, 0.0, 0.0, 0.0] (expected [3.0, 0.6, 0.85, 1.1])
[14.89, 23.22, 0.92, 2.52, 2.22, 4.22] => [3.635070323944092, 0.0, 0.0, 0.0] (expected [3.0, 0.6, 0.85, 1.6])
[242.08, 18.31, 2.02, 3.29, 3.87, 4.64] => [3.0002870559692383, 0.0, 0.0, 0.0] (expected [3.0, 0.6, 1.35, 0.1])
[34.86, 16.39, 1.33, 2.56, 3.08, 3.92] => [3.0289032459259033, 0.0, 0.0, 0.0] (expected [3.0, 0.6, 1.35, 0.6])
[20.59, 17.37, 1.11, 2.34, 2.64, 3.69] => [3.2784030437469482, 0.0, 0.0, 0.0] (expected [3.0, 0.6, 1.35, 1.1])
[15.62, 18.57, 0.95, 2.19, 2.36, 3.55] => [3.4545202255249023, 0.0, 0.0, 0.0] (expected [3.0, 0.6, 1.35, 1.6])
-----------------------------------------------------
[7.28, 7.11, 0.66, 2.21, 1.89, 3.92] => [4.989554405212402, 2.478325843811035, 0.0, 0.0] (expected [4.0, 2.1, 0.85, 1.1])
[10.06, 5.93, 0.85, 2.41, 2.31, 4.1] => [4.248530387878418, 2.2242488861083984, 0.0, 0.0] (expected [4.0, 2.1, 0.85, 0.6])
[68.2, 6.48, 1.79, 3.3, 3.32, 5.01] => [4.171270370483398, 2.6819448471069336, 0.0, 0.0] (expected [4.0, 2.1, 0.85, 0.1])
[9.79, 8.16, 0.7, 1.75, 1.88, 2.9] => [4.820178031921387, 1.8345375061035156, 0.0, 0.0] (expected [4.0, 1.6, 1.85, 1.6])
[12.55, 7.49, 0.79, 1.86, 2.17, 3.02] => [4.114555358886719, 1.4904018640518188, 0.0, 0.0] (expected [4.0, 1.6, 1.85, 1.1])
[21.34, 7.1, 1.09, 2.1, 2.59, 3.25] => [3.562451124191284, 1.2522506713867188, 0.0, 0.0] (expected [4.0, 1.6, 1.85, 0.6])
[209.0, 10.23, 1.7, 2.78, 2.94, 3.93] => [4.146803855895996, 1.7219605445861816, 0.0, 0.0] (expected [4.0, 1.6, 1.85, 0.1])
[9.38, 9.46, 0.66, 1.92, 1.79, 3.26] => [5.008930206298828, 1.7524664402008057, 0.0, 0.0] (expected [4.0, 1.6, 1.35, 1.6])
[11.75, 8.57, 0.77, 2.01, 2.01, 3.37] => [4.585030555725098, 1.6870688199996948, 0.0, 0.0] (expected [4.0, 1.6, 1.35, 1.1])
[18.73, 7.79, 1.04, 2.24, 2.4, 3.58] => [3.9566264152526855, 1.5030243396759033, 0.0, 0.0] (expected [4.0, 1.6, 1.35, 0.6])
[154.54, 9.83, 1.73, 2.96, 3.03, 4.3] => [3.9016544818878174, 1.7575178146362305, 0.0, 0.0] (expected [4.0, 1.6, 1.35, 0.1])
[9.0, 11.81, 0.63, 2.23, 1.71, 3.94] => [5.13521671295166, 1.4850993156433105, 0.0, 0.0] (expected [4.0, 1.6, 0.85, 1.6])
[11.05, 10.58, 0.75, 2.33, 1.91, 4.03] => [4.83089017868042, 1.5565322637557983, 0.0, 0.0] (expected [4.0, 1.6, 0.85, 1.1])
[16.61, 9.28, 0.96, 2.51, 2.27, 4.21] => [4.215562343597412, 1.4868426322937012, 0.0, 0.0] (expected [4.0, 1.6, 0.85, 0.6])
[105.45, 9.69, 1.69, 3.24, 3.12, 4.94] => [4.114001274108887, 1.837583303451538, 0.0, 0.0] (expected [4.0, 1.6, 0.85, 0.1])
-----------------------------------------------------
[11.49, 7.08, 0.96, 2.49, 2.49, 4.21] => [3.700477361679077, 1.5611095428466797, 0.0, 0.0] (expected [3.5, 1.6, 0.85, 0.6])
[75.13, 7.6, 1.91, 3.42, 3.53, 5.11] => [3.6226413249969482, 2.055720567703247, 0.0, 0.0] (expected [3.5, 1.6, 0.85, 0.1])
[11.7, 10.45, 0.76, 1.84, 2.12, 3.01] => [3.9147112369537354, 0.5893683433532715, 0.0, 0.0] (expected [3.5, 1.1, 1.85, 1.6])
[15.39, 9.71, 0.92, 1.99, 2.42, 3.14] => [3.3299880027770996, 0.37827467918395996, 0.0, 0.0] (expected [3.5, 1.1, 1.85, 1.1])
[229.41, 12.28, 1.82, 2.9, 3.28, 4.05] => [3.4906373023986816, 0.5987637042999268, 0.0, 0.0] (expected [3.5, 1.1, 1.85, 0.1])
[11.18, 12.12, 0.79, 2.01, 1.99, 3.37] => [4.339337348937988, 0.8604286909103394, 0.0, 0.0] (expected [3.5, 1.1, 1.35, 1.6])
[14.36, 11.12, 0.89, 2.12, 2.24, 3.49] => [3.804983139038086, 0.4937934875488281, 0.0, 0.0] (expected [3.5, 1.1, 1.35, 1.1])
[23.43, 10.26, 1.11, 2.35, 2.64, 3.71] => [3.1838536262512207, 0.28094935417175293, 0.0, 0.0] (expected [3.5, 1.1, 1.35, 0.6])
[179.05, 12.26, 1.82, 3.09, 3.33, 4.43] => [3.2212371826171875, 0.535083532333374, 0.0, 0.0] (expected [3.5, 1.1, 1.35, 0.1])
[10.73, 15.14, 0.77, 2.35, 1.88, 4.04] => [4.590409278869629, 1.0498605966567993, 0.0, 0.0] (expected [3.5, 1.1, 0.85, 1.6])
[13.45, 13.73, 0.88, 2.44, 2.1, 4.14] => [4.184264659881592, 0.720162034034729, 0.0, 0.0] (expected [3.5, 1.1, 0.85, 1.1])
[20.85, 12.27, 1.09, 2.64, 2.46, 4.34] => [3.5841376781463623, 0.3160359859466553, 0.0, 0.0] (expected [3.5, 1.1, 0.85, 0.6])
[129.96, 12.64, 1.83, 3.37, 3.35, 5.08] => [3.2869935035705566, 0.5709939002990723, 0.0, 0.0] (expected [3.5, 1.1, 0.85, 0.1])
[22.97, 20.67, 0.99, 2.01, 2.26, 3.17] => [3.62562894821167, 0.046242475509643555, 0.0, 0.0] (expected [3.5, 0.6, 1.85, 1.6])
[31.78, 19.84, 1.07, 2.13, 2.5, 3.29] => [3.4735255241394043, 0.0, 0.0, 0.0] (expected [3.5, 0.6, 1.85, 1.1])
-----------------------------------------------------
[10.31, 11.95, 0.6, 2.19, 1.51, 3.88] => [5.782380104064941, 2.0099551677703857, 0.0, 0.0] (expected [5.0, 2.1, 0.85, 1.6])
[12.82, 10.82, 0.68, 2.26, 1.67, 3.96] => [5.529195785522461, 2.035301923751831, 0.0, 0.0] (expected [5.0, 2.1, 0.85, 1.1])
[19.68, 9.64, 0.85, 2.42, 1.95, 4.12] => [5.129483222961426, 2.1028313636779785, 0.0, 0.0] (expected [5.0, 2.1, 0.85, 0.6])
[124.0, 9.99, 1.46, 3.02, 2.67, 4.73] => [4.925281524658203, 2.295797824859619, 0.0, 0.0] (expected [5.0, 2.1, 0.85, 0.1])
[16.67, 12.15, 0.66, 1.74, 1.63, 2.9] => [5.370157718658447, 1.7081470489501953, 0.0, 0.0] (expected [5.0, 1.6, 1.85, 1.6])
[22.43, 11.51, 0.81, 1.84, 1.78, 2.99] => [5.267581939697266, 1.627724528312683, 0.0, 0.0] (expected [5.0, 1.6, 1.85, 1.1])
[39.34, 11.16, 0.97, 2.01, 2.04, 3.16] => [4.985378265380859, 1.4592653512954712, 0.0, 0.0] (expected [5.0, 1.6, 1.85, 0.6])
[318.34, 13.85, 1.47, 2.53, 2.48, 3.68] => [4.598106384277344, 1.785592794418335, 0.0, 0.0] (expected [5.0, 1.6, 1.85, 0.1])
[15.99, 13.99, 0.69, 1.92, 1.58, 3.27] => [5.510198593139648, 1.8147801160812378, 0.0, 0.0] (expected [5.0, 1.6, 1.35, 1.6])
[21.11, 13.11, 0.77, 2.0, 1.73, 3.36] => [5.294809341430664, 1.6419607400894165, 0.0, 0.0] (expected [5.0, 1.6, 1.35, 1.1])
[35.45, 12.38, 0.92, 2.17, 1.97, 3.52] => [5.0523834228515625, 1.4532628059387207, 0.0, 0.0] (expected [5.0, 1.6, 1.35, 0.6])
[256.76, 14.1, 1.45, 2.69, 2.52, 4.05] => [5.445450782775879, 1.8622777462005615, 0.0, 0.0] (expected [5.0, 1.6, 1.35, 0.1])
[15.36, 17.37, 0.66, 2.26, 1.54, 3.96] => [5.467276573181152, 1.7672145366668701, 0.0, 0.0] (expected [5.0, 1.6, 0.85, 1.6])
[19.87, 16.11, 0.75, 2.33, 1.69, 4.04] => [5.282055377960205, 1.6181632280349731, 0.0, 0.0] (expected [5.0, 1.6, 0.85, 1.1])
[32.06, 14.82, 0.9, 2.47, 1.94, 4.19] => [4.996587753295898, 1.393089771270752, 0.0, 0.0] (expected [5.0, 1.6, 0.85, 0.6])
-----------------------------------------------------
[10.82, 6.88, 0.52, 1.55, 1.33, 2.71] => [6.506743431091309, 3.42799711227417, 0.0, 0.0] (expected [7.0, 3.6, 1.85, 1.6])
[13.91, 6.38, 0.58, 1.63, 1.48, 2.79] => [6.2179412841796875, 3.3630354404449463, 0.0, 0.0] (expected [7.0, 3.6, 1.85, 1.1])
[23.94, 6.08, 0.8, 1.79, 1.71, 2.95] => [6.032477378845215, 3.4058940410614014, 0.0, 0.0] (expected [7.0, 3.6, 1.85, 0.6])
[244.11, 8.84, 1.27, 2.31, 2.07, 3.47] => [5.810849666595459, 2.9042084217071533, 0.0, 0.0] (expected [7.0, 3.6, 1.85, 0.1])
[10.38, 7.92, 0.52, 1.74, 1.29, 3.08] => [6.620579719543457, 3.358971357345581, 0.0, 0.0] (expected [7.0, 3.6, 1.35, 1.6])
[13.1, 7.24, 0.62, 1.8, 1.44, 3.15] => [6.395413398742676, 3.3905234336853027, 0.0, 0.0] (expected [7.0, 3.6, 1.35, 1.1])
[21.11, 6.65, 0.74, 1.95, 1.67, 3.3] => [6.045218467712402, 3.3467583656311035, 0.0, 0.0] (expected [7.0, 3.6, 1.35, 0.6])
[176.29, 8.35, 1.27, 2.48, 2.16, 3.84] => [6.182039260864258, 3.378077983856201, 0.0, 0.0] (expected [7.0, 3.6, 1.35, 0.1])
[9.99, 9.82, 0.49, 2.06, 1.26, 3.77] => [6.618640899658203, 3.0629851818084717, 0.0, 0.0] (expected [7.0, 3.6, 0.85, 1.6])
[12.31, 8.87, 0.6, 2.13, 1.39, 3.83] => [6.507787704467773, 3.251120090484619, 0.0, 0.0] (expected [7.0, 3.6, 0.85, 1.1])
[18.82, 7.88, 0.75, 2.24, 1.62, 3.95] => [6.199297904968262, 3.3287196159362793, 0.0, 0.0] (expected [7.0, 3.6, 0.85, 0.6])
[119.6, 8.22, 1.27, 2.77, 2.22, 4.48] => [6.14627742767334, 3.521555185317993, 0.0, 0.0] (expected [7.0, 3.6, 0.85, 0.1])
[14.43, 8.89, 0.56, 1.59, 1.31, 2.75] => [6.51290225982666, 2.969485282897949, 0.0, 0.0] (expected [7.0, 3.1, 1.85, 1.6])
[19.14, 8.37, 0.63, 1.67, 1.45, 2.83] => [6.302697658538818, 2.9804701805114746, 0.0, 0.0] (expected [7.0, 3.1, 1.85, 1.1])
[33.23, 8.07, 0.8, 1.82, 1.65, 2.97] => [6.20411491394043, 3.0964341163635254, 0.0, 0.0] (expected [7.0, 3.1, 1.85, 0.6])



Accuracy: 93.95
[1283.65, 132.35, 2.44, 4.02, 4.21, 5.72] => [5.503267288208008, 0.6551567912101746, 0.7207866311073303, 0.6703289747238159] (expected [3.0, 0.1, 0.85, 0.1])
[212.65, 132.2, 1.86, 3.41, 3.43, 5.11] => [3.119450330734253, 0.0, 0.5581867694854736, 1.037319540977478] (expected [3.0, 0.1, 0.85, 0.6])
[119.04, 134.71, 1.57, 3.19, 3.13, 4.9] => [2.524756908416748, 0.0, 0.5176227688789368, 1.1288731098175049] (expected [3.0, 0.1, 0.85, 1.1])
[84.51, 137.47, 1.45, 3.07, 2.96, 4.77] => [2.2808494567871094, 0.0, 0.500985860824585, 1.1664228439331055] (expected [3.0, 0.1, 0.85, 1.6])
[229.0, 107.22, 1.85, 3.1, 3.74, 4.44] => [2.731698751449585, 0.0, 0.53173828125, 1.0970141887664795] (expected [3.0, 0.1, 1.35, 0.6])
[126.41, 108.44, 1.6, 2.89, 3.39, 4.23] => [2.1326465606689453, 0.0, 0.4908769726753235, 1.1892387866973877] (expected [3.0, 0.1, 1.35, 1.1])
[89.11, 110.16, 1.49, 2.75, 3.15, 4.1] => [2.093499183654785, 0.0, 0.48820674419403076, 1.195265531539917] (expected [3.0, 0.1, 1.35, 1.6])
[191.07, 20.07, 2.04, 3.59, 3.74, 5.3] => [3.05788516998291, 0.22170990705490112, 0.666717529296875, 0.18868058919906616] (expected [3.0, 0.6, 0.85, 0.1])
[31.12, 19.74, 1.27, 2.86, 2.84, 4.56] => [2.4420742988586426, 0.0, 0.5119830369949341, 1.1416021585464478] (expected [3.0, 0.6, 0.85, 0.6])
[19.23, 21.48, 1.08, 2.64, 2.46, 4.34] => [2.814533233642578, 0.0, 0.5563565492630005, 1.1451493501663208] (expected [3.0, 0.6, 0.85, 1.1])
[14.89, 23.22, 0.92, 2.52, 2.22, 4.22] => [2.419722318649292, 0.0, 0.4714154899120331, 1.3029948472976685] (expected [3.0, 0.6, 0.85, 1.6])
[242.08, 18.31, 2.02, 3.29, 3.87, 4.64] => [3.2878291606903076, 0.9913497567176819, 0.7386120557785034, 0.0] (expected [3.0, 0.6, 1.35, 0.1])
[34.86, 16.39, 1.33, 2.56, 3.08, 3.92] => [2.027514934539795, 0.0, 0.5573884844779968, 0.6445425152778625] (expected [3.0, 0.6, 1.35, 0.6])
[20.59, 17.37, 1.11, 2.34, 2.64, 3.69] => [2.683661699295044, 0.0, 0.650082528591156, 1.228240966796875] (expected [3.0, 0.6, 1.35, 1.1])
[15.62, 18.57, 0.95, 2.19, 2.36, 3.55] => [2.7322330474853516, 0.0, 0.6992396116256714, 1.3356359004974365] (expected [3.0, 0.6, 1.35, 1.6])
-----------------------------------------------------
[7.28, 7.11, 0.66, 2.21, 1.89, 3.92] => [4.412628173828125, 2.6157472133636475, 1.0000805854797363, 1.1765940189361572] (expected [4.0, 2.1, 0.85, 1.1])
[10.06, 5.93, 0.85, 2.41, 2.31, 4.1] => [4.585384845733643, 2.490802764892578, 1.1539421081542969, 0.8048522472381592] (expected [4.0, 2.1, 0.85, 0.6])
[68.2, 6.48, 1.79, 3.3, 3.32, 5.01] => [3.9945147037506104, 2.4585373401641846, 0.9166287183761597, 0.0] (expected [4.0, 2.1, 0.85, 0.1])
[9.79, 8.16, 0.7, 1.75, 1.88, 2.9] => [4.551331043243408, 2.0638585090637207, 1.0832383632659912, 1.2055718898773193] (expected [4.0, 1.6, 1.85, 1.6])
[12.55, 7.49, 0.79, 1.86, 2.17, 3.02] => [4.689702987670898, 1.8007698059082031, 1.2055261135101318, 0.9137484431266785] (expected [4.0, 1.6, 1.85, 1.1])
[21.34, 7.1, 1.09, 2.1, 2.59, 3.25] => [4.417367935180664, 1.6233201026916504, 1.0167338848114014, 0.17801880836486816] (expected [4.0, 1.6, 1.85, 0.6])
[209.0, 10.23, 1.7, 2.78, 2.94, 3.93] => [4.858273983001709, 2.7657904624938965, 0.9425159692764282, 0.0] (expected [4.0, 1.6, 1.85, 0.1])
[9.38, 9.46, 0.66, 1.92, 1.79, 3.26] => [4.389915943145752, 1.8435389995574951, 0.9875493049621582, 1.3092495203018188] (expected [4.0, 1.6, 1.35, 1.6])
[11.75, 8.57, 0.77, 2.01, 2.01, 3.37] => [4.695432662963867, 1.8617231845855713, 1.1073435544967651, 1.0132368803024292] (expected [4.0, 1.6, 1.35, 1.1])
[18.73, 7.79, 1.04, 2.24, 2.4, 3.58] => [4.930253982543945, 1.7967455387115479, 1.1048450469970703, 0.3786102533340454] (expected [4.0, 1.6, 1.35, 0.6])
[154.54, 9.83, 1.73, 2.96, 3.03, 4.3] => [4.168915748596191, 2.3585422039031982, 0.896864116191864, 0.0] (expected [4.0, 1.6, 1.35, 0.1])
[9.0, 11.81, 0.63, 2.23, 1.71, 3.94] => [4.233126163482666, 1.5456719398498535, 0.7970404028892517, 1.6555372476577759] (expected [4.0, 1.6, 0.85, 1.6])
[11.05, 10.58, 0.75, 2.33, 1.91, 4.03] => [4.475813865661621, 1.6006793975830078, 0.9455797672271729, 1.1965686082839966] (expected [4.0, 1.6, 0.85, 1.1])
[16.61, 9.28, 0.96, 2.51, 2.27, 4.21] => [5.059598445892334, 1.6037400960922241, 1.126451015472412, 0.5736124515533447] (expected [4.0, 1.6, 0.85, 0.6])
[105.45, 9.69, 1.69, 3.24, 3.12, 4.94] => [3.522495746612549, 1.8698437213897705, 0.838665246963501, 0.0] (expected [4.0, 1.6, 0.85, 0.1])
-----------------------------------------------------
[11.49, 7.08, 0.96, 2.49, 2.49, 4.21] => [4.23874044418335, 1.8416824340820312, 1.1295665502548218, 0.6753801107406616] (expected [3.5, 1.6, 0.85, 0.6])
[75.13, 7.6, 1.91, 3.42, 3.53, 5.11] => [3.2930049896240234, 1.9269001483917236, 0.8387985229492188, 0.0] (expected [3.5, 1.6, 0.85, 0.1])
[11.7, 10.45, 0.76, 1.84, 2.12, 3.01] => [3.696950674057007, 0.6668869853019714, 1.0215516090393066, 1.0684094429016113] (expected [3.5, 1.1, 1.85, 1.6])
[15.39, 9.71, 0.92, 1.99, 2.42, 3.14] => [4.12889289855957, 0.5922016501426697, 1.1661940813064575, 0.713199257850647] (expected [3.5, 1.1, 1.85, 1.1])
[229.41, 12.28, 1.82, 2.9, 3.28, 4.05] => [4.017483711242676, 2.0267155170440674, 0.8377934694290161, 0.0] (expected [3.5, 1.1, 1.85, 0.1])
[11.18, 12.12, 0.79, 2.01, 1.99, 3.37] => [3.8460607528686523, 0.7724084854125977, 0.8834565281867981, 1.3746159076690674] (expected [3.5, 1.1, 1.35, 1.6])
[14.36, 11.12, 0.89, 2.12, 2.24, 3.49] => [4.073396682739258, 0.5609725713729858, 1.0546741485595703, 0.85520339012146] (expected [3.5, 1.1, 1.35, 1.1])
[23.43, 10.26, 1.11, 2.35, 2.64, 3.71] => [3.5226755142211914, 0.8187028765678406, 0.7621265649795532, 0.25944608449935913] (expected [3.5, 1.1, 1.35, 0.6])
[179.05, 12.26, 1.82, 3.09, 3.33, 4.43] => [3.4969217777252197, 1.6340148448944092, 0.7987456321716309, 0.0] (expected [3.5, 1.1, 1.35, 0.1])
[10.73, 15.14, 0.77, 2.35, 1.88, 4.04] => [3.7480945587158203, 0.7491282224655151, 0.6911098957061768, 1.6308430433273315] (expected [3.5, 1.1, 0.85, 1.6])
[13.45, 13.73, 0.88, 2.44, 2.1, 4.14] => [4.031257629394531, 0.44068455696105957, 0.8385060429573059, 1.316418170928955] (expected [3.5, 1.1, 0.85, 1.1])
[20.85, 12.27, 1.09, 2.64, 2.46, 4.34] => [3.8973817825317383, 0.7524124979972839, 0.785184919834137, 0.56012362241745] (expected [3.5, 1.1, 0.85, 0.6])
[129.96, 12.64, 1.83, 3.37, 3.35, 5.08] => [3.0880789756774902, 1.2081542015075684, 0.7573133707046509, 0.0] (expected [3.5, 1.1, 0.85, 0.1])
[22.97, 20.67, 0.99, 2.01, 2.26, 3.17] => [3.6549315452575684, 0.0, 0.6630127429962158, 1.174127221107483] (expected [3.5, 0.6, 1.85, 1.6])
[31.78, 19.84, 1.07, 2.13, 2.5, 3.29] => [2.976757287979126, 0.0, 0.5771839618682861, 1.151511311531067] (expected [3.5, 0.6, 1.85, 1.1])
-----------------------------------------------------
[10.31, 11.95, 0.6, 2.19, 1.51, 3.88] => [5.134838104248047, 2.215546131134033, 0.844036340713501, 1.7330790758132935] (expected [5.0, 2.1, 0.85, 1.6])
[12.82, 10.82, 0.68, 2.26, 1.67, 3.96] => [5.4864702224731445, 2.1474833488464355, 0.9861472845077515, 1.3891111612319946] (expected [5.0, 2.1, 0.85, 1.1])
[19.68, 9.64, 0.85, 2.42, 1.95, 4.12] => [5.685164451599121, 2.2101097106933594, 1.0154635906219482, 0.6544367074966431] (expected [5.0, 2.1, 0.85, 0.6])
[124.0, 9.99, 1.46, 3.02, 2.67, 4.73] => [5.00652551651001, 2.5656135082244873, 0.9536813497543335, 0.0] (expected [5.0, 2.1, 0.85, 0.1])
[16.67, 12.15, 0.66, 1.74, 1.63, 2.9] => [5.928469657897949, 1.6708548069000244, 1.0922224521636963, 1.4655970335006714] (expected [5.0, 1.6, 1.85, 1.6])
[22.43, 11.51, 0.81, 1.84, 1.78, 2.99] => [5.769576072692871, 1.778712272644043, 0.9491074085235596, 1.0746984481811523] (expected [5.0, 1.6, 1.85, 1.1])
[39.34, 11.16, 0.97, 2.01, 2.04, 3.16] => [5.238336563110352, 1.7178709506988525, 0.9171727895736694, 0.7396994829177856] (expected [5.0, 1.6, 1.85, 0.6])
[318.34, 13.85, 1.47, 2.53, 2.48, 3.68] => [6.669809341430664, 3.0580222606658936, 1.0099642276763916, 0.0] (expected [5.0, 1.6, 1.85, 0.1])
[15.99, 13.99, 0.69, 1.92, 1.58, 3.27] => [5.791021347045898, 1.9087040424346924, 0.9782928228378296, 1.4581055641174316] (expected [5.0, 1.6, 1.35, 1.6])
[21.11, 13.11, 0.77, 2.0, 1.73, 3.36] => [5.941876411437988, 1.6807165145874023, 0.9439012408256531, 1.2229664325714111] (expected [5.0, 1.6, 1.35, 1.1])
[35.45, 12.38, 0.92, 2.17, 1.97, 3.52] => [5.4647135734558105, 1.554570198059082, 0.9099012017250061, 0.9829825162887573] (expected [5.0, 1.6, 1.35, 0.6])
[256.76, 14.1, 1.45, 2.69, 2.52, 4.05] => [6.371783256530762, 2.708993434906006, 0.9737789630889893, 0.047235071659088135] (expected [5.0, 1.6, 1.35, 0.1])
[15.36, 17.37, 0.66, 2.26, 1.54, 3.96] => [5.348611354827881, 1.9432220458984375, 0.7942893505096436, 1.4196771383285522] (expected [5.0, 1.6, 0.85, 1.6])
[19.87, 16.11, 0.75, 2.33, 1.69, 4.04] => [6.088958740234375, 1.7762415409088135, 0.95273357629776, 1.1964706182479858] (expected [5.0, 1.6, 0.85, 1.1])
[32.06, 14.82, 0.9, 2.47, 1.94, 4.19] => [5.622524261474609, 1.3584668636322021, 0.8942150473594666, 1.1825617551803589] (expected [5.0, 1.6, 0.85, 0.6])
-----------------------------------------------------
[10.82, 6.88, 0.52, 1.55, 1.33, 2.71] => [6.3308024406433105, 3.5957486629486084, 1.1923710107803345, 1.3825045824050903] (expected [7.0, 3.6, 1.85, 1.6])
[13.91, 6.38, 0.58, 1.63, 1.48, 2.79] => [6.668564796447754, 3.52659010887146, 1.2795231342315674, 1.1138489246368408] (expected [7.0, 3.6, 1.85, 1.1])
[23.94, 6.08, 0.8, 1.79, 1.71, 2.95] => [6.735075950622559, 3.4806177616119385, 1.1416116952896118, 0.47163814306259155] (expected [7.0, 3.6, 1.85, 0.6])
[244.11, 8.84, 1.27, 2.31, 2.07, 3.47] => [7.7050251960754395, 4.50868034362793, 1.208017349243164, 0.0] (expected [7.0, 3.6, 1.85, 0.1])
[10.38, 7.92, 0.52, 1.74, 1.29, 3.08] => [6.284486293792725, 3.5433967113494873, 1.101252555847168, 1.5461219549179077] (expected [7.0, 3.6, 1.35, 1.6])
[13.1, 7.24, 0.62, 1.8, 1.44, 3.15] => [6.66632080078125, 3.5377309322357178, 1.2309767007827759, 1.1784780025482178] (expected [7.0, 3.6, 1.35, 1.1])
[21.11, 6.65, 0.74, 1.95, 1.67, 3.3] => [6.731980323791504, 3.36612868309021, 1.1297682523727417, 0.5386670827865601] (expected [7.0, 3.6, 1.35, 0.6])
[176.29, 8.35, 1.27, 2.48, 2.16, 3.84] => [7.048302173614502, 4.099217414855957, 1.1605147123336792, 0.0] (expected [7.0, 3.6, 1.35, 0.1])
[9.99, 9.82, 0.49, 2.06, 1.26, 3.77] => [6.039663791656494, 3.214850425720215, 0.9391442537307739, 1.787154197692871] (expected [7.0, 3.6, 0.85, 1.6])
[12.31, 8.87, 0.6, 2.13, 1.39, 3.83] => [6.493789196014404, 3.383321523666382, 1.0764673948287964, 1.4199090003967285] (expected [7.0, 3.6, 0.85, 1.1])
[18.82, 7.88, 0.75, 2.24, 1.62, 3.95] => [6.873085021972656, 3.258599042892456, 1.1514599323272705, 0.6881920099258423] (expected [7.0, 3.6, 0.85, 0.6])
[119.6, 8.22, 1.27, 2.77, 2.22, 4.48] => [6.48317813873291, 3.693089723587036, 1.1184839010238647, 0.0] (expected [7.0, 3.6, 0.85, 0.1])
[14.43, 8.89, 0.56, 1.59, 1.31, 2.75] => [6.895577907562256, 3.2324411869049072, 1.1926361322402954, 1.510707139968872] (expected [7.0, 3.1, 1.85, 1.6])
[19.14, 8.37, 0.63, 1.67, 1.45, 2.83] => [6.945165634155273, 2.9992549419403076, 1.1791939735412598, 0.9991584420204163] (expected [7.0, 3.1, 1.85, 1.1])
[33.23, 8.07, 0.8, 1.82, 1.65, 2.97] => [6.610468864440918, 3.104538679122925, 1.102297306060791, 0.6574483513832092] (expected [7.0, 3.1, 1.85, 0.6])


Aadiendo otra capa:
model.add(Dense(12, input_dim=6, activation='relu'))
model.add(Dense(8, activation='relu'))
model.add(Dense(8, activation='relu')) #esta
model.add(Dense(4, activation='relu'))


Accuracy: 95.34
[1283.65, 132.35, 2.44, 4.02, 4.21, 5.72] => [5.680481433868408, 0.1272200345993042, 0.8631836175918579, 0.7069854736328125] (expected [3.0, 0.1, 0.85, 0.1])
[212.65, 132.2, 1.86, 3.41, 3.43, 5.11] => [2.6468372344970703, 0.3105815649032593, 0.833282470703125, 1.4900403022766113] (expected [3.0, 0.1, 0.85, 0.6])
[119.04, 134.71, 1.57, 3.19, 3.13, 4.9] => [2.353208541870117, 0.04076296091079712, 0.6191650629043579, 1.5922284126281738] (expected [3.0, 0.1, 0.85, 1.1])
[84.51, 137.47, 1.45, 3.07, 2.96, 4.77] => [2.341888904571533, 0.06776869297027588, 0.6150038242340088, 1.583552360534668] (expected [3.0, 0.1, 0.85, 1.6])
[229.0, 107.22, 1.85, 3.1, 3.74, 4.44] => [2.3527469635009766, 0.5801554322242737, 0.8811812400817871, 1.5037821531295776] (expected [3.0, 0.1, 1.35, 0.6])
[126.41, 108.44, 1.6, 2.89, 3.39, 4.23] => [2.3340065479278564, 0.08657443523406982, 0.6121061444282532, 1.5775105953216553] (expected [3.0, 0.1, 1.35, 1.1])
[89.11, 110.16, 1.49, 2.75, 3.15, 4.1] => [2.3284645080566406, 0.09979647397994995, 0.6100687980651855, 1.5732626914978027] (expected [3.0, 0.1, 1.35, 1.6])
[191.07, 20.07, 2.04, 3.59, 3.74, 5.3] => [2.295708656311035, 1.0288373231887817, 0.6436929702758789, 0.18945026397705078] (expected [3.0, 0.6, 0.85, 0.1])
[31.12, 19.74, 1.27, 2.86, 2.84, 4.56] => [2.220322608947754, 0.6499028205871582, 0.7738598585128784, 1.2031307220458984] (expected [3.0, 0.6, 0.85, 0.6])
[19.23, 21.48, 1.08, 2.64, 2.46, 4.34] => [2.3324220180511475, 0.6498383283615112, 0.8969494700431824, 1.4342529773712158] (expected [3.0, 0.6, 0.85, 1.1])
[14.89, 23.22, 0.92, 2.52, 2.22, 4.22] => [2.4490649700164795, 0.5156087875366211, 0.9016373157501221, 1.492598056793213] (expected [3.0, 0.6, 0.85, 1.6])
[242.08, 18.31, 2.02, 3.29, 3.87, 4.64] => [2.239603042602539, 1.0017727613449097, 0.7394071221351624, 0.41324520111083984] (expected [3.0, 0.6, 1.35, 0.1])
[34.86, 16.39, 1.33, 2.56, 3.08, 3.92] => [2.193290948867798, 0.6486408114433289, 0.7414538860321045, 1.155820369720459] (expected [3.0, 0.6, 1.35, 0.6])
[20.59, 17.37, 1.11, 2.34, 2.64, 3.69] => [2.3153493404388428, 0.6491388082504272, 0.8766907453536987, 1.4037296772003174] (expected [3.0, 0.6, 1.35, 1.1])
[15.62, 18.57, 0.95, 2.19, 2.36, 3.55] => [2.395810604095459, 0.5532708168029785, 0.9109008312225342, 1.4961886405944824] (expected [3.0, 0.6, 1.35, 1.6])
-----------------------------------------------------
[7.28, 7.11, 0.66, 2.21, 1.89, 3.92] => [4.396300315856934, 2.084414005279541, 0.820574164390564, 1.3593254089355469] (expected [4.0, 2.1, 0.85, 1.1])
[10.06, 5.93, 0.85, 2.41, 2.31, 4.1] => [3.962721824645996, 2.106328248977661, 1.0571097135543823, 0.7835838794708252] (expected [4.0, 2.1, 0.85, 0.6])
[68.2, 6.48, 1.79, 3.3, 3.32, 5.01] => [3.905078887939453, 2.7633066177368164, 1.1424145698547363, 0.0] (expected [4.0, 2.1, 0.85, 0.1])
[9.79, 8.16, 0.7, 1.75, 1.88, 2.9] => [4.051762104034424, 1.2621853351593018, 1.049628734588623, 1.3278956413269043] (expected [4.0, 1.6, 1.85, 1.6])
[12.55, 7.49, 0.79, 1.86, 2.17, 3.02] => [3.703359603881836, 1.2593739032745361, 1.087692141532898, 1.0984234809875488] (expected [4.0, 1.6, 1.85, 1.1])
[21.34, 7.1, 1.09, 2.1, 2.59, 3.25] => [4.023440837860107, 2.442695140838623, 1.335595965385437, 0.4355592727661133] (expected [4.0, 1.6, 1.85, 0.6])
[209.0, 10.23, 1.7, 2.78, 2.94, 3.93] => [4.331475257873535, 2.4756503105163574, 1.2786648273468018, 0.3860819339752197] (expected [4.0, 1.6, 1.85, 0.1])
[9.38, 9.46, 0.66, 1.92, 1.79, 3.26] => [4.269062519073486, 1.5665206909179688, 1.0429151058197021, 1.3623909950256348] (expected [4.0, 1.6, 1.35, 1.6])
[11.75, 8.57, 0.77, 2.01, 2.01, 3.37] => [3.788748264312744, 1.1813493967056274, 0.9395489692687988, 1.278340458869934] (expected [4.0, 1.6, 1.35, 1.1])
[18.73, 7.79, 1.04, 2.24, 2.4, 3.58] => [3.9011707305908203, 1.9116743803024292, 1.1308237314224243, 0.6768715381622314] (expected [4.0, 1.6, 1.35, 0.6])
[154.54, 9.83, 1.73, 2.96, 3.03, 4.3] => [4.086081027984619, 2.488499164581299, 1.2040019035339355, 0.10779857635498047] (expected [4.0, 1.6, 1.35, 0.1])
[9.0, 11.81, 0.63, 2.23, 1.71, 3.94] => [4.383162975311279, 1.815301537513733, 1.0101292133331299, 1.38347589969635] (expected [4.0, 1.6, 0.85, 1.6])
[11.05, 10.58, 0.75, 2.33, 1.91, 4.03] => [3.9659810066223145, 1.5631723403930664, 0.9047497510910034, 1.3216900825500488] (expected [4.0, 1.6, 0.85, 1.1])
[16.61, 9.28, 0.96, 2.51, 2.27, 4.21] => [3.493232250213623, 1.1801260709762573, 0.7815536260604858, 1.0391745567321777] (expected [4.0, 1.6, 0.85, 0.6])
[105.45, 9.69, 1.69, 3.24, 3.12, 4.94] => [3.928274631500244, 2.472170829772949, 1.0961101055145264, 0.0] (expected [4.0, 1.6, 0.85, 0.1])
-----------------------------------------------------
[11.49, 7.08, 0.96, 2.49, 2.49, 4.21] => [3.1198880672454834, 1.3809432983398438, 0.9802895188331604, 0.8215819597244263] (expected [3.5, 1.6, 0.85, 0.6])
[75.13, 7.6, 1.91, 3.42, 3.53, 5.11] => [3.2319188117980957, 2.3301949501037598, 1.004438877105713, 0.0] (expected [3.5, 1.6, 0.85, 0.1])
[11.7, 10.45, 0.76, 1.84, 2.12, 3.01] => [3.168571949005127, 0.7984075546264648, 1.0356606245040894, 1.3748245239257812] (expected [3.5, 1.1, 1.85, 1.6])
[15.39, 9.71, 0.92, 1.99, 2.42, 3.14] => [2.523792266845703, 0.6845292448997498, 0.91215980052948, 1.3796889781951904] (expected [3.5, 1.1, 1.85, 1.1])
[229.41, 12.28, 1.82, 2.9, 3.28, 4.05] => [3.583430290222168, 2.008697032928467, 1.1322557926177979, 0.42785656452178955] (expected [3.5, 1.1, 1.85, 0.1])
[11.18, 12.12, 0.79, 2.01, 1.99, 3.37] => [3.3529210090637207, 0.8420952558517456, 1.0354971885681152, 1.347285509109497] (expected [3.5, 1.1, 1.35, 1.6])
[14.36, 11.12, 0.89, 2.12, 2.24, 3.49] => [2.9093427658081055, 0.7645848393440247, 0.9221178889274597, 1.3303279876708984] (expected [3.5, 1.1, 1.35, 1.1])
[23.43, 10.26, 1.11, 2.35, 2.64, 3.71] => [3.0286335945129395, 1.19376802444458, 0.8885383605957031, 0.8615810871124268] (expected [3.5, 1.1, 1.35, 0.6])
[179.05, 12.26, 1.82, 3.09, 3.33, 4.43] => [3.4265012741088867, 2.004781723022461, 1.0544599294662476, 0.17931866645812988] (expected [3.5, 1.1, 1.35, 0.1])
[10.73, 15.14, 0.77, 2.35, 1.88, 4.04] => [3.4372105598449707, 0.8680828213691711, 1.0272424221038818, 1.3283902406692505] (expected [3.5, 1.1, 0.85, 1.6])
[13.45, 13.73, 0.88, 2.44, 2.1, 4.14] => [3.073159694671631, 0.799851655960083, 0.907599925994873, 1.2959028482437134] (expected [3.5, 1.1, 0.85, 1.1])
[20.85, 12.27, 1.09, 2.64, 2.46, 4.34] => [2.875706434249878, 0.7537263631820679, 0.7172501087188721, 1.1431751251220703] (expected [3.5, 1.1, 0.85, 0.6])
[129.96, 12.64, 1.83, 3.37, 3.35, 5.08] => [3.3573124408721924, 2.013627290725708, 0.9462496042251587, 0.0] (expected [3.5, 1.1, 0.85, 0.1])
[22.97, 20.67, 0.99, 2.01, 2.26, 3.17] => [2.687324047088623, 0.600341796875, 0.9765505790710449, 1.4551029205322266] (expected [3.5, 0.6, 1.85, 1.6])
[31.78, 19.84, 1.07, 2.13, 2.5, 3.29] => [2.4951021671295166, 0.6783524751663208, 0.914706289768219, 1.38572096824646] (expected [3.5, 0.6, 1.85, 1.1])
-----------------------------------------------------
[10.31, 11.95, 0.6, 2.19, 1.51, 3.88] => [5.190898895263672, 2.646021604537964, 1.0181795358657837, 1.4566372632980347] (expected [5.0, 2.1, 0.85, 1.6])
[12.82, 10.82, 0.68, 2.26, 1.67, 3.96] => [5.055145263671875, 2.4610300064086914, 0.8866192102432251, 1.355661392211914] (expected [5.0, 2.1, 0.85, 1.1])
[19.68, 9.64, 0.85, 2.42, 1.95, 4.12] => [4.940871238708496, 2.194838047027588, 0.6694907546043396, 1.121281623840332] (expected [5.0, 2.1, 0.85, 0.6])
[124.0, 9.99, 1.46, 3.02, 2.67, 4.73] => [4.848815441131592, 2.852961540222168, 1.256737470626831, 0.0628366470336914] (expected [5.0, 2.1, 0.85, 0.1])
[16.67, 12.15, 0.66, 1.74, 1.63, 2.9] => [5.0455827713012695, 1.6517524719238281, 1.0857865810394287, 1.258833408355713] (expected [5.0, 1.6, 1.85, 1.6])
[22.43, 11.51, 0.81, 1.84, 1.78, 2.99] => [5.0404229164123535, 1.721006155014038, 0.946071207523346, 1.1761455535888672] (expected [5.0, 1.6, 1.85, 1.1])
[39.34, 11.16, 0.97, 2.01, 2.04, 3.16] => [5.688668251037598, 2.656935691833496, 1.3895368576049805, 0.3325924873352051] (expected [5.0, 1.6, 1.85, 0.6])
[318.34, 13.85, 1.47, 2.53, 2.48, 3.68] => [5.701559066772461, 1.8765150308609009, 1.2183560132980347, 0.7561328411102295] (expected [5.0, 1.6, 1.85, 0.1])
[15.99, 13.99, 0.69, 1.92, 1.58, 3.27] => [4.950572490692139, 1.5720020532608032, 1.082498550415039, 1.2538535594940186] (expected [5.0, 1.6, 1.35, 1.6])
[21.11, 13.11, 0.77, 2.0, 1.73, 3.36] => [4.998948574066162, 1.7019071578979492, 0.955274224281311, 1.1861279010772705] (expected [5.0, 1.6, 1.35, 1.1])
[35.45, 12.38, 0.92, 2.17, 1.97, 3.52] => [5.103018760681152, 1.6962233781814575, 1.005281925201416, 0.7387275695800781] (expected [5.0, 1.6, 1.35, 0.6])
[256.76, 14.1, 1.45, 2.69, 2.52, 4.05] => [5.386809349060059, 2.092039108276367, 1.1980284452438354, 0.594428539276123] (expected [5.0, 1.6, 1.35, 0.1])
[15.36, 17.37, 0.66, 2.26, 1.54, 3.96] => [4.761456489562988, 1.3160090446472168, 1.0749069452285767, 1.2163891792297363] (expected [5.0, 1.6, 0.85, 1.6])
[19.87, 16.11, 0.75, 2.33, 1.69, 4.04] => [4.790455341339111, 1.4994356632232666, 0.94615638256073, 1.1662368774414062] (expected [5.0, 1.6, 0.85, 1.1])
[32.06, 14.82, 0.9, 2.47, 1.94, 4.19] => [4.751796245574951, 1.1623531579971313, 0.7420180439949036, 0.9310804605484009] (expected [5.0, 1.6, 0.85, 0.6])
-----------------------------------------------------
[10.82, 6.88, 0.52, 1.55, 1.33, 2.71] => [6.470069885253906, 3.7213096618652344, 1.035380244255066, 1.5368335247039795] (expected [7.0, 3.6, 1.85, 1.6])
[13.91, 6.38, 0.58, 1.63, 1.48, 2.79] => [6.613786697387695, 3.9294257164001465, 1.0867664813995361, 1.2754615545272827] (expected [7.0, 3.6, 1.85, 1.1])
[23.94, 6.08, 0.8, 1.79, 1.71, 2.95] => [6.8672943115234375, 4.173554420471191, 1.574974775314331, 0.3873307704925537] (expected [7.0, 3.6, 1.85, 0.6])
[244.11, 8.84, 1.27, 2.31, 2.07, 3.47] => [6.702449798583984, 2.5302209854125977, 1.414705753326416, 0.4348032474517822] (expected [7.0, 3.6, 1.85, 0.1])
[10.38, 7.92, 0.52, 1.74, 1.29, 3.08] => [6.561152458190918, 3.793699264526367, 0.9865623712539673, 1.516403079032898] (expected [7.0, 3.6, 1.35, 1.6])
[13.1, 7.24, 0.62, 1.8, 1.44, 3.15] => [6.374811172485352, 3.569815158843994, 0.8817126750946045, 1.4159213304519653] (expected [7.0, 3.6, 1.35, 1.1])
[21.11, 6.65, 0.74, 1.95, 1.67, 3.3] => [6.642587661743164, 4.1295905113220215, 1.3142290115356445, 0.7335665225982666] (expected [7.0, 3.6, 1.35, 0.6])
[176.29, 8.35, 1.27, 2.48, 2.16, 3.84] => [6.28419303894043, 2.814669609069824, 1.4101810455322266, 0.2363673448562622] (expected [7.0, 3.6, 1.35, 0.1])
[9.99, 9.82, 0.49, 2.06, 1.26, 3.77] => [6.650698661804199, 3.848527431488037, 0.8998303413391113, 1.4706909656524658] (expected [7.0, 3.6, 0.85, 1.6])
[12.31, 8.87, 0.6, 2.13, 1.39, 3.83] => [6.527830600738525, 3.683013439178467, 0.7776004076004028, 1.3785475492477417] (expected [7.0, 3.6, 0.85, 1.1])
[18.82, 7.88, 0.75, 2.24, 1.62, 3.95] => [6.487526893615723, 3.7047958374023438, 0.8570375442504883, 0.9963318109512329] (expected [7.0, 3.6, 0.85, 0.6])
[119.6, 8.22, 1.27, 2.77, 2.22, 4.48] => [5.998095512390137, 3.0927023887634277, 1.374375343322754, 0.021079182624816895] (expected [7.0, 3.6, 0.85, 0.1])
[14.43, 8.89, 0.56, 1.59, 1.31, 2.75] => [6.4902448654174805, 3.6326022148132324, 1.0665950775146484, 1.509745717048645] (expected [7.0, 3.1, 1.85, 1.6])
[19.14, 8.37, 0.63, 1.67, 1.45, 2.83] => [6.351940155029297, 3.422179698944092, 1.0263934135437012, 1.3659443855285645] (expected [7.0, 3.1, 1.85, 1.1])
[33.23, 8.07, 0.8, 1.82, 1.65, 2.97] => [6.952301025390625, 3.227083206176758, 1.5779688358306885, 0.1519477367401123] (expected [7.0, 3.1, 1.85, 0.6])


Accuracy: 96.09
[1283.65, 132.35, 2.44, 4.02, 4.21, 5.72] => [5.567702293395996, 0.7883495092391968, 1.0251489877700806, 0.095997653901577] (expected [3.0, 0.1, 0.85, 0.1])
[212.65, 132.2, 1.86, 3.41, 3.43, 5.11] => [5.147743225097656, 0.0, 0.7810330390930176, 0.8427900671958923] (expected [3.0, 0.1, 0.85, 0.6])
[119.04, 134.71, 1.57, 3.19, 3.13, 4.9] => [3.2162647247314453, 0.0, 0.5492605566978455, 0.8965103030204773] (expected [3.0, 0.1, 0.85, 1.1])
[84.51, 137.47, 1.45, 3.07, 2.96, 4.77] => [3.005970001220703, 0.0, 0.5413079261779785, 0.8840872645378113] (expected [3.0, 0.1, 0.85, 1.6])
[229.0, 107.22, 1.85, 3.1, 3.74, 4.44] => [5.219912528991699, 0.16588279604911804, 0.9097416400909424, 0.3719666600227356] (expected [3.0, 0.1, 1.35, 0.6])
[126.41, 108.44, 1.6, 2.89, 3.39, 4.23] => [3.6618943214416504, 0.0, 0.7379708290100098, 0.7926672101020813] (expected [3.0, 0.1, 1.35, 1.1])
[89.11, 110.16, 1.49, 2.75, 3.15, 4.1] => [3.043224573135376, 0.0, 0.5818992257118225, 0.8507134318351746] (expected [3.0, 0.1, 1.35, 1.6])
[191.07, 20.07, 2.04, 3.59, 3.74, 5.3] => [4.039859294891357, 2.0501608848571777, 0.9097462892532349, 0.0] (expected [3.0, 0.6, 0.85, 0.1])
[31.12, 19.74, 1.27, 2.86, 2.84, 4.56] => [2.710421085357666, 0.3284030854701996, 0.8206840753555298, 0.7628347277641296] (expected [3.0, 0.6, 0.85, 0.6])
[19.23, 21.48, 1.08, 2.64, 2.46, 4.34] => [2.9649055004119873, 0.5271859169006348, 0.7784855961799622, 1.0089938640594482] (expected [3.0, 0.6, 0.85, 1.1])
[14.89, 23.22, 0.92, 2.52, 2.22, 4.22] => [3.2049808502197266, 0.6004593372344971, 0.7855879068374634, 1.1275066137313843] (expected [3.0, 0.6, 0.85, 1.6])
[242.08, 18.31, 2.02, 3.29, 3.87, 4.64] => [4.034627914428711, 2.0519142150878906, 0.9092010259628296, 0.0] (expected [3.0, 0.6, 1.35, 0.1])
[34.86, 16.39, 1.33, 2.56, 3.08, 3.92] => [2.351001739501953, 0.1625635325908661, 0.8480840921401978, 0.5716331601142883] (expected [3.0, 0.6, 1.35, 0.6])
[20.59, 17.37, 1.11, 2.34, 2.64, 3.69] => [2.7846479415893555, 0.5123716592788696, 0.8014734983444214, 0.9144984483718872] (expected [3.0, 0.6, 1.35, 1.1])
[15.62, 18.57, 0.95, 2.19, 2.36, 3.55] => [3.102519989013672, 0.6268506050109863, 0.8205945491790771, 1.0600402355194092] (expected [3.0, 0.6, 1.35, 1.6])
-----------------------------------------------------
[7.28, 7.11, 0.66, 2.21, 1.89, 3.92] => [4.047353744506836, 1.9240525960922241, 1.084713101387024, 1.2652772665023804] (expected [4.0, 2.1, 0.85, 1.1])
[10.06, 5.93, 0.85, 2.41, 2.31, 4.1] => [4.609021186828613, 2.1730003356933594, 1.166945219039917, 0.8366823196411133] (expected [4.0, 2.1, 0.85, 0.6])
[68.2, 6.48, 1.79, 3.3, 3.32, 5.01] => [4.215439319610596, 2.9002230167388916, 0.9787988662719727, 0.0] (expected [4.0, 2.1, 0.85, 0.1])
[9.79, 8.16, 0.7, 1.75, 1.88, 2.9] => [4.327991962432861, 1.5329387187957764, 1.0666557550430298, 1.2590306997299194] (expected [4.0, 1.6, 1.85, 1.6])
[12.55, 7.49, 0.79, 1.86, 2.17, 3.02] => [4.216780185699463, 1.3364779949188232, 1.159377932548523, 1.1013836860656738] (expected [4.0, 1.6, 1.85, 1.1])
[21.34, 7.1, 1.09, 2.1, 2.59, 3.25] => [3.9695746898651123, 1.4820270538330078, 1.2542763948440552, 0.5160533785820007] (expected [4.0, 1.6, 1.85, 0.6])
[209.0, 10.23, 1.7, 2.78, 2.94, 3.93] => [4.161802291870117, 2.0798003673553467, 0.9263930916786194, 0.0] (expected [4.0, 1.6, 1.85, 0.1])
[9.38, 9.46, 0.66, 1.92, 1.79, 3.26] => [4.0812506675720215, 1.3685940504074097, 0.9567614197731018, 1.3870168924331665] (expected [4.0, 1.6, 1.35, 1.6])
[11.75, 8.57, 0.77, 2.01, 2.01, 3.37] => [4.419767379760742, 1.4575436115264893, 1.1319295167922974, 1.2122915983200073] (expected [4.0, 1.6, 1.35, 1.1])
[18.73, 7.79, 1.04, 2.24, 2.4, 3.58] => [4.267077445983887, 1.379092812538147, 1.3474472761154175, 0.7463594079017639] (expected [4.0, 1.6, 1.35, 0.6])
[154.54, 9.83, 1.73, 2.96, 3.03, 4.3] => [4.182213306427002, 2.327265501022339, 0.9427207708358765, 0.0] (expected [4.0, 1.6, 1.35, 0.1])
[9.0, 11.81, 0.63, 2.23, 1.71, 3.94] => [4.031632423400879, 1.3466453552246094, 0.844901978969574, 1.449668288230896] (expected [4.0, 1.6, 0.85, 1.6])
[11.05, 10.58, 0.75, 2.33, 1.91, 4.03] => [4.102762699127197, 1.1637279987335205, 0.9458470344543457, 1.376847505569458] (expected [4.0, 1.6, 0.85, 1.1])
[16.61, 9.28, 0.96, 2.51, 2.27, 4.21] => [4.272676467895508, 1.194272756576538, 1.1791691780090332, 1.0612164735794067] (expected [4.0, 1.6, 0.85, 0.6])
[105.45, 9.69, 1.69, 3.24, 3.12, 4.94] => [4.148167610168457, 2.482393980026245, 0.9471973180770874, 0.0] (expected [4.0, 1.6, 0.85, 0.1])
-----------------------------------------------------
[11.49, 7.08, 0.96, 2.49, 2.49, 4.21] => [3.99194598197937, 1.3253422975540161, 1.2049589157104492, 0.8732216954231262] (expected [3.5, 1.6, 0.85, 0.6])
[75.13, 7.6, 1.91, 3.42, 3.53, 5.11] => [3.6124320030212402, 2.4916300773620605, 0.8818494081497192, 0.0] (expected [3.5, 1.6, 0.85, 0.1])
[11.7, 10.45, 0.76, 1.84, 2.12, 3.01] => [3.5450122356414795, 0.9789197444915771, 0.9149429798126221, 1.1948957443237305] (expected [3.5, 1.1, 1.85, 1.6])
[15.39, 9.71, 0.92, 1.99, 2.42, 3.14] => [3.456139087677002, 0.8136734962463379, 0.9595683813095093, 1.0707935094833374] (expected [3.5, 1.1, 1.85, 1.1])
[229.41, 12.28, 1.82, 2.9, 3.28, 4.05] => [4.060408115386963, 2.043273687362671, 0.9118880033493042, 0.0] (expected [3.5, 1.1, 1.85, 0.1])
[11.18, 12.12, 0.79, 2.01, 1.99, 3.37] => [3.7543716430664062, 1.0368462800979614, 0.9219740629196167, 1.2755216360092163] (expected [3.5, 1.1, 1.35, 1.6])
[14.36, 11.12, 0.89, 2.12, 2.24, 3.49] => [3.659348726272583, 0.9272481203079224, 0.9499139785766602, 1.1775314807891846] (expected [3.5, 1.1, 1.35, 1.1])
[23.43, 10.26, 1.11, 2.35, 2.64, 3.71] => [3.2475602626800537, 0.6576765775680542, 1.045926809310913, 0.7561690211296082] (expected [3.5, 1.1, 1.35, 0.6])
[179.05, 12.26, 1.82, 3.09, 3.33, 4.43] => [3.898906946182251, 2.097402334213257, 0.8950554132461548, 0.0] (expected [3.5, 1.1, 1.35, 0.1])
[10.73, 15.14, 0.77, 2.35, 1.88, 4.04] => [3.842365264892578, 1.0386316776275635, 0.8943573832511902, 1.329683780670166] (expected [3.5, 1.1, 0.85, 1.6])
[13.45, 13.73, 0.88, 2.44, 2.1, 4.14] => [3.568575620651245, 0.9505856037139893, 0.8760430812835693, 1.2161616086959839] (expected [3.5, 1.1, 0.85, 1.1])
[20.85, 12.27, 1.09, 2.64, 2.46, 4.34] => [3.7069976329803467, 0.7985854148864746, 1.0190783739089966, 1.0270668268203735] (expected [3.5, 1.1, 0.85, 0.6])
[129.96, 12.64, 1.83, 3.37, 3.35, 5.08] => [3.784259557723999, 2.1358275413513184, 0.8831062316894531, 0.0] (expected [3.5, 1.1, 0.85, 0.1])
[22.97, 20.67, 0.99, 2.01, 2.26, 3.17] => [3.450070381164551, 0.6990547180175781, 0.8827284574508667, 1.1104023456573486] (expected [3.5, 0.6, 1.85, 1.6])
[31.78, 19.84, 1.07, 2.13, 2.5, 3.29] => [3.253512382507324, 0.5592842102050781, 0.9045937061309814, 0.935023844242096] (expected [3.5, 0.6, 1.85, 1.1])
-----------------------------------------------------
[10.31, 11.95, 0.6, 2.19, 1.51, 3.88] => [5.017495155334473, 1.7929534912109375, 0.7641058564186096, 1.4619742631912231] (expected [5.0, 2.1, 0.85, 1.6])
[12.82, 10.82, 0.68, 2.26, 1.67, 3.96] => [5.188712120056152, 1.8196964263916016, 1.1235653162002563, 1.343810796737671] (expected [5.0, 2.1, 0.85, 1.1])
[19.68, 9.64, 0.85, 2.42, 1.95, 4.12] => [5.196390151977539, 1.6769678592681885, 1.4177595376968384, 1.0834394693374634] (expected [5.0, 2.1, 0.85, 0.6])
[124.0, 9.99, 1.46, 3.02, 2.67, 4.73] => [5.042941093444824, 2.8363494873046875, 1.0769662857055664, 0.0] (expected [5.0, 2.1, 0.85, 0.1])
[16.67, 12.15, 0.66, 1.74, 1.63, 2.9] => [5.106922149658203, 1.6438684463500977, 1.253339171409607, 1.3718327283859253] (expected [5.0, 1.6, 1.85, 1.6])
[22.43, 11.51, 0.81, 1.84, 1.78, 2.99] => [5.427263259887695, 1.8229012489318848, 1.4703631401062012, 1.1188136339187622] (expected [5.0, 1.6, 1.85, 1.1])
[39.34, 11.16, 0.97, 2.01, 2.04, 3.16] => [5.099801063537598, 1.9937317371368408, 1.3083361387252808, 0.571313738822937] (expected [5.0, 1.6, 1.85, 0.6])
[318.34, 13.85, 1.47, 2.53, 2.48, 3.68] => [4.853348731994629, 1.5378559827804565, 0.9574726223945618, 0.061256423592567444] (expected [5.0, 1.6, 1.85, 0.1])
[15.99, 13.99, 0.69, 1.92, 1.58, 3.27] => [4.977895736694336, 1.5077176094055176, 0.9726492166519165, 1.446779489517212] (expected [5.0, 1.6, 1.35, 1.6])
[21.11, 13.11, 0.77, 2.0, 1.73, 3.36] => [5.564343452453613, 1.8437604904174805, 1.435786485671997, 1.2489815950393677] (expected [5.0, 1.6, 1.35, 1.1])
[35.45, 12.38, 0.92, 2.17, 1.97, 3.52] => [5.12385368347168, 1.7362771034240723, 1.3748515844345093, 0.7747819423675537] (expected [5.0, 1.6, 1.35, 0.6])
[256.76, 14.1, 1.45, 2.69, 2.52, 4.05] => [4.641790390014648, 1.73854660987854, 0.9554926753044128, 0.039219535887241364] (expected [5.0, 1.6, 1.35, 0.1])
[15.36, 17.37, 0.66, 2.26, 1.54, 3.96] => [5.055691242218018, 1.5772062540054321, 0.8020391464233398, 1.3949228525161743] (expected [5.0, 1.6, 0.85, 1.6])
[19.87, 16.11, 0.75, 2.33, 1.69, 4.04] => [4.989581108093262, 1.4126834869384766, 1.0008933544158936, 1.4159907102584839] (expected [5.0, 1.6, 0.85, 1.1])
[32.06, 14.82, 0.9, 2.47, 1.94, 4.19] => [5.215129852294922, 1.531942367553711, 1.4395703077316284, 0.9688678979873657] (expected [5.0, 1.6, 0.85, 0.6])
-----------------------------------------------------
[10.82, 6.88, 0.52, 1.55, 1.33, 2.71] => [7.018277168273926, 3.791782855987549, 1.1223431825637817, 1.117570161819458] (expected [7.0, 3.6, 1.85, 1.6])
[13.91, 6.38, 0.58, 1.63, 1.48, 2.79] => [6.4020233154296875, 3.3641316890716553, 1.3181829452514648, 1.1081960201263428] (expected [7.0, 3.6, 1.85, 1.1])
[23.94, 6.08, 0.8, 1.79, 1.71, 2.95] => [6.490163803100586, 3.3463923931121826, 1.483402967453003, 0.719258725643158] (expected [7.0, 3.6, 1.85, 0.6])
[244.11, 8.84, 1.27, 2.31, 2.07, 3.47] => [6.234828948974609, 2.745903491973877, 1.1895384788513184, 0.1143852174282074] (expected [7.0, 3.6, 1.85, 0.1])
[10.38, 7.92, 0.52, 1.74, 1.29, 3.08] => [6.98464298248291, 3.6222777366638184, 1.072186827659607, 1.1530981063842773] (expected [7.0, 3.6, 1.35, 1.6])
[13.1, 7.24, 0.62, 1.8, 1.44, 3.15] => [6.960720062255859, 3.6751296520233154, 1.2399532794952393, 1.107642650604248] (expected [7.0, 3.6, 1.35, 1.1])
[21.11, 6.65, 0.74, 1.95, 1.67, 3.3] => [6.366423606872559, 3.184741973876953, 1.4370639324188232, 0.8669604659080505] (expected [7.0, 3.6, 1.35, 0.6])
[176.29, 8.35, 1.27, 2.48, 2.16, 3.84] => [6.222983360290527, 3.19858455657959, 1.227837085723877, 0.09724093973636627] (expected [7.0, 3.6, 1.35, 0.1])
[9.99, 9.82, 0.49, 2.06, 1.26, 3.77] => [6.657876968383789, 3.1992087364196777, 0.9783663153648376, 1.244586706161499] (expected [7.0, 3.6, 0.85, 1.6])
[12.31, 8.87, 0.6, 2.13, 1.39, 3.83] => [7.077788352966309, 3.473238706588745, 1.1313972473144531, 1.141202449798584] (expected [7.0, 3.6, 0.85, 1.1])
[18.82, 7.88, 0.75, 2.24, 1.62, 3.95] => [6.333545684814453, 2.961873769760132, 1.426706075668335, 1.053687334060669] (expected [7.0, 3.6, 0.85, 0.6])
[119.6, 8.22, 1.27, 2.77, 2.22, 4.48] => [6.311820030212402, 3.5699949264526367, 1.2683167457580566, 0.09007106721401215] (expected [7.0, 3.6, 0.85, 0.1])
[14.43, 8.89, 0.56, 1.59, 1.31, 2.75] => [7.220574378967285, 3.4301576614379883, 1.3147380352020264, 1.1594901084899902] (expected [7.0, 3.1, 1.85, 1.6])
[19.14, 8.37, 0.63, 1.67, 1.45, 2.83] => [6.4373273849487305, 2.826326608657837, 1.5517449378967285, 1.1381720304489136] (expected [7.0, 3.1, 1.85, 1.1])
[33.23, 8.07, 0.8, 1.82, 1.65, 2.97] => [6.524953842163086, 3.15729022026062, 1.5050256252288818, 0.6577640175819397] (expected [7.0, 3.1, 1.85, 0.6])




Accuracy: 96.66
[1283.65, 132.35, 2.44, 4.02, 4.21, 5.72] => [4.340732574462891, 0.0, 1.6222610473632812, 0.0] (expected [3.0, 0.1, 0.85, 0.1])
[212.65, 132.2, 1.86, 3.41, 3.43, 5.11] => [2.670607566833496, 0.0, 0.7080231308937073, 0.7628995180130005] (expected [3.0, 0.1, 0.85, 0.6])
[119.04, 134.71, 1.57, 3.19, 3.13, 4.9] => [2.4169769287109375, 0.0, 0.4898841977119446, 1.0713328123092651] (expected [3.0, 0.1, 0.85, 1.1])
[84.51, 137.47, 1.45, 3.07, 2.96, 4.77] => [2.338346004486084, 0.0, 0.423305481672287, 1.0751599073410034] (expected [3.0, 0.1, 0.85, 1.6])
[229.0, 107.22, 1.85, 3.1, 3.74, 4.44] => [2.521364688873291, 0.0, 0.6849608421325684, 0.7629295587539673] (expected [3.0, 0.1, 1.35, 0.6])
[126.41, 108.44, 1.6, 2.89, 3.39, 4.23] => [2.2626936435699463, 0.0, 0.47310006618499756, 1.0584959983825684] (expected [3.0, 0.1, 1.35, 1.1])
[89.11, 110.16, 1.49, 2.75, 3.15, 4.1] => [2.2750678062438965, 0.0, 0.4649554491043091, 1.0612215995788574] (expected [3.0, 0.1, 1.35, 1.6])
[191.07, 20.07, 2.04, 3.59, 3.74, 5.3] => [2.743504524230957, 1.178335189819336, 1.1640894412994385, 0.0] (expected [3.0, 0.6, 0.85, 0.1])
[31.12, 19.74, 1.27, 2.86, 2.84, 4.56] => [2.831968307495117, 0.3289541006088257, 0.9925174713134766, 0.907562255859375] (expected [3.0, 0.6, 0.85, 0.6])
[19.23, 21.48, 1.08, 2.64, 2.46, 4.34] => [3.0544931888580322, 0.13551247119903564, 1.0908629894256592, 1.029370903968811] (expected [3.0, 0.6, 0.85, 1.1])
[14.89, 23.22, 0.92, 2.52, 2.22, 4.22] => [2.8792147636413574, 0.4314662218093872, 0.9125016927719116, 1.0384535789489746] (expected [3.0, 0.6, 0.85, 1.6])
[242.08, 18.31, 2.02, 3.29, 3.87, 4.64] => [2.614528179168701, 1.348405361175537, 1.1289231777191162, 0.0] (expected [3.0, 0.6, 1.35, 0.1])
[34.86, 16.39, 1.33, 2.56, 3.08, 3.92] => [2.6628336906433105, 0.4857935905456543, 0.9120279550552368, 1.0147653818130493] (expected [3.0, 0.6, 1.35, 0.6])
[20.59, 17.37, 1.11, 2.34, 2.64, 3.69] => [2.9389636516571045, 0.22767841815948486, 1.0357048511505127, 1.0273696184158325] (expected [3.0, 0.6, 1.35, 1.1])
[15.62, 18.57, 0.95, 2.19, 2.36, 3.55] => [2.75297212600708, 0.3217012882232666, 0.9355422258377075, 1.0261784791946411] (expected [3.0, 0.6, 1.35, 1.6])
-----------------------------------------------------
[7.28, 7.11, 0.66, 2.21, 1.89, 3.92] => [4.011468887329102, 1.9479302167892456, 0.8645164966583252, 1.1219826936721802] (expected [4.0, 2.1, 0.85, 1.1])
[10.06, 5.93, 0.85, 2.41, 2.31, 4.1] => [4.193150043487549, 1.8781237602233887, 1.033841848373413, 1.1128931045532227] (expected [4.0, 2.1, 0.85, 0.6])
[68.2, 6.48, 1.79, 3.3, 3.32, 5.01] => [3.7611889839172363, 2.2918200492858887, 1.0447311401367188, 0.0] (expected [4.0, 2.1, 0.85, 0.1])
[9.79, 8.16, 0.7, 1.75, 1.88, 2.9] => [4.024747848510742, 1.4778833389282227, 0.9773752689361572, 1.1108150482177734] (expected [4.0, 1.6, 1.85, 1.6])
[12.55, 7.49, 0.79, 1.86, 2.17, 3.02] => [3.9949374198913574, 1.2726492881774902, 1.0900803804397583, 1.0942052602767944] (expected [4.0, 1.6, 1.85, 1.1])
[21.34, 7.1, 1.09, 2.1, 2.59, 3.25] => [3.8585052490234375, 1.299680471420288, 1.1159720420837402, 0.5623570680618286] (expected [4.0, 1.6, 1.85, 0.6])
[209.0, 10.23, 1.7, 2.78, 2.94, 3.93] => [3.8611109256744385, 1.6270945072174072, 1.095223307609558, 0.0] (expected [4.0, 1.6, 1.85, 0.1])
[9.38, 9.46, 0.66, 1.92, 1.79, 3.26] => [3.90625, 1.4879446029663086, 0.9087381362915039, 1.1111289262771606] (expected [4.0, 1.6, 1.35, 1.6])
[11.75, 8.57, 0.77, 2.01, 2.01, 3.37] => [4.067203044891357, 1.361983060836792, 1.0375760793685913, 1.1065666675567627] (expected [4.0, 1.6, 1.35, 1.1])
[18.73, 7.79, 1.04, 2.24, 2.4, 3.58] => [4.067009449005127, 1.3685169219970703, 1.0819964408874512, 0.6189231872558594] (expected [4.0, 1.6, 1.35, 0.6])
[154.54, 9.83, 1.73, 2.96, 3.03, 4.3] => [3.7193899154663086, 1.585913896560669, 1.1144012212753296, 0.0] (expected [4.0, 1.6, 1.35, 0.1])
[9.0, 11.81, 0.63, 2.23, 1.71, 3.94] => [4.050887107849121, 1.6702979803085327, 0.8552724123001099, 1.1285631656646729] (expected [4.0, 1.6, 0.85, 1.6])
[11.05, 10.58, 0.75, 2.33, 1.91, 4.03] => [3.8849363327026367, 1.368146538734436, 0.9514373540878296, 1.1043825149536133] (expected [4.0, 1.6, 0.85, 1.1])
[16.61, 9.28, 0.96, 2.51, 2.27, 4.21] => [4.116420745849609, 1.2806553840637207, 1.084007740020752, 0.8288636803627014] (expected [4.0, 1.6, 0.85, 0.6])
[105.45, 9.69, 1.69, 3.24, 3.12, 4.94] => [3.7133407592773438, 1.5476164817810059, 1.1335608959197998, 0.0] (expected [4.0, 1.6, 0.85, 0.1])
-----------------------------------------------------
[11.49, 7.08, 0.96, 2.49, 2.49, 4.21] => [3.702428102493286, 1.2407875061035156, 1.0751805305480957, 1.0736380815505981] (expected [3.5, 1.6, 0.85, 0.6])
[75.13, 7.6, 1.91, 3.42, 3.53, 5.11] => [3.024402141571045, 1.6155445575714111, 1.1178498268127441, 0.0] (expected [3.5, 1.6, 0.85, 0.1])
[11.7, 10.45, 0.76, 1.84, 2.12, 3.01] => [3.1939613819122314, 0.8611377477645874, 0.9235356450080872, 1.058172583580017] (expected [3.5, 1.1, 1.85, 1.6])
[15.39, 9.71, 0.92, 1.99, 2.42, 3.14] => [3.473170757293701, 0.6867221593856812, 1.125767707824707, 1.0529093742370605] (expected [3.5, 1.1, 1.85, 1.1])
[229.41, 12.28, 1.82, 2.9, 3.28, 4.05] => [3.231811046600342, 1.2445801496505737, 1.173004150390625, 0.0] (expected [3.5, 1.1, 1.85, 0.1])
[11.18, 12.12, 0.79, 2.01, 1.99, 3.37] => [3.502135753631592, 1.0451968908309937, 0.9390047788619995, 1.0786871910095215] (expected [3.5, 1.1, 1.35, 1.6])
[14.36, 11.12, 0.89, 2.12, 2.24, 3.49] => [3.4557642936706543, 0.7553279995918274, 1.0546389818191528, 1.061034083366394] (expected [3.5, 1.1, 1.35, 1.1])
[23.43, 10.26, 1.11, 2.35, 2.64, 3.71] => [3.359161376953125, 0.7806849479675293, 1.1411333084106445, 0.6607688665390015] (expected [3.5, 1.1, 1.35, 0.6])
[179.05, 12.26, 1.82, 3.09, 3.33, 4.43] => [3.1389665603637695, 1.1638665199279785, 1.2007791996002197, 0.0] (expected [3.5, 1.1, 1.35, 0.1])
[10.73, 15.14, 0.77, 2.35, 1.88, 4.04] => [3.7267370223999023, 1.2791123390197754, 0.9099453091621399, 1.0985392332077026] (expected [3.5, 1.1, 0.85, 1.6])
[13.45, 13.73, 0.88, 2.44, 2.1, 4.14] => [3.5814952850341797, 0.9344406127929688, 1.0049500465393066, 1.0764799118041992] (expected [3.5, 1.1, 0.85, 1.1])
[20.85, 12.27, 1.09, 2.64, 2.46, 4.34] => [3.5143680572509766, 0.8267228603363037, 1.110403299331665, 0.6939955949783325] (expected [3.5, 1.1, 0.85, 0.6])
[129.96, 12.64, 1.83, 3.37, 3.35, 5.08] => [3.198823928833008, 1.1397559642791748, 1.216130256652832, 0.0] (expected [3.5, 1.1, 0.85, 0.1])
[22.97, 20.67, 0.99, 2.01, 2.26, 3.17] => [3.5009942054748535, 0.3881903886795044, 1.1336058378219604, 0.9932342767715454] (expected [3.5, 0.6, 1.85, 1.6])
[31.78, 19.84, 1.07, 2.13, 2.5, 3.29] => [3.1223199367523193, 0.11528301239013672, 1.13066828250885, 1.0205683708190918] (expected [3.5, 0.6, 1.85, 1.1])
-----------------------------------------------------
[10.31, 11.95, 0.6, 2.19, 1.51, 3.88] => [5.155000686645508, 2.244082450866699, 0.8575150370597839, 1.210235834121704] (expected [5.0, 2.1, 0.85, 1.6])
[12.82, 10.82, 0.68, 2.26, 1.67, 3.96] => [4.992236614227295, 1.7843739986419678, 0.9602062702178955, 1.1866265535354614] (expected [5.0, 2.1, 0.85, 1.1])
[19.68, 9.64, 0.85, 2.42, 1.95, 4.12] => [4.766087532043457, 1.547241449356079, 1.0056509971618652, 0.8472869396209717] (expected [5.0, 2.1, 0.85, 0.6])
[124.0, 9.99, 1.46, 3.02, 2.67, 4.73] => [4.896576404571533, 2.3287277221679688, 1.0527279376983643, 0.0] (expected [5.0, 2.1, 0.85, 0.1])
[16.67, 12.15, 0.66, 1.74, 1.63, 2.9] => [5.108164310455322, 1.4744099378585815, 1.0042903423309326, 1.1435190439224243] (expected [5.0, 1.6, 1.85, 1.6])
[22.43, 11.51, 0.81, 1.84, 1.78, 2.99] => [4.75112247467041, 1.345815658569336, 1.0369006395339966, 1.0131595134735107] (expected [5.0, 1.6, 1.85, 1.1])
[39.34, 11.16, 0.97, 2.01, 2.04, 3.16] => [4.342016220092773, 1.1919069290161133, 1.0875028371810913, 0.8320518732070923] (expected [5.0, 1.6, 1.85, 0.6])
[318.34, 13.85, 1.47, 2.53, 2.48, 3.68] => [4.843952655792236, 1.7457716464996338, 1.0274323225021362, 0.0] (expected [5.0, 1.6, 1.85, 0.1])
[15.99, 13.99, 0.69, 1.92, 1.58, 3.27] => [5.346808910369873, 1.6936674118041992, 0.9668561816215515, 1.0966405868530273] (expected [5.0, 1.6, 1.35, 1.6])
[21.11, 13.11, 0.77, 2.0, 1.73, 3.36] => [4.947225093841553, 1.4235376119613647, 1.0065116882324219, 1.0205702781677246] (expected [5.0, 1.6, 1.35, 1.1])
[35.45, 12.38, 0.92, 2.17, 1.97, 3.52] => [4.4724531173706055, 1.2172889709472656, 1.0619670152664185, 0.8729872107505798] (expected [5.0, 1.6, 1.35, 0.6])
[256.76, 14.1, 1.45, 2.69, 2.52, 4.05] => [4.742490768432617, 1.6076663732528687, 1.067474126815796, 0.0] (expected [5.0, 1.6, 1.35, 0.1])
[15.36, 17.37, 0.66, 2.26, 1.54, 3.96] => [5.352409362792969, 1.581712245941162, 0.9610903859138489, 1.216320514678955] (expected [5.0, 1.6, 0.85, 1.6])
[19.87, 16.11, 0.75, 2.33, 1.69, 4.04] => [5.157731533050537, 1.5077422857284546, 0.9637203812599182, 0.9909875988960266] (expected [5.0, 1.6, 0.85, 1.1])
[32.06, 14.82, 0.9, 2.47, 1.94, 4.19] => [4.65997314453125, 1.301458477973938, 1.0203511714935303, 0.849011242389679] (expected [5.0, 1.6, 0.85, 0.6])
-----------------------------------------------------
[10.82, 6.88, 0.52, 1.55, 1.33, 2.71] => [6.565823078155518, 3.378803253173828, 0.8700084686279297, 1.3100733757019043] (expected [7.0, 3.6, 1.85, 1.6])
[13.91, 6.38, 0.58, 1.63, 1.48, 2.79] => [6.619243621826172, 3.437323570251465, 0.888425350189209, 1.1585004329681396] (expected [7.0, 3.6, 1.85, 1.1])
[23.94, 6.08, 0.8, 1.79, 1.71, 2.95] => [6.405959606170654, 3.544635772705078, 0.9056870341300964, 0.8932226300239563] (expected [7.0, 3.6, 1.85, 0.6])
[244.11, 8.84, 1.27, 2.31, 2.07, 3.47] => [6.606917381286621, 3.944732666015625, 0.8533484935760498, 0.0] (expected [7.0, 3.6, 1.85, 0.1])
[10.38, 7.92, 0.52, 1.74, 1.29, 3.08] => [6.684808254241943, 3.5567140579223633, 0.8401919007301331, 1.3221981525421143] (expected [7.0, 3.6, 1.35, 1.6])
[13.1, 7.24, 0.62, 1.8, 1.44, 3.15] => [6.570432186126709, 3.334317207336426, 0.8806602954864502, 1.150897741317749] (expected [7.0, 3.6, 1.35, 1.1])
[21.11, 6.65, 0.74, 1.95, 1.67, 3.3] => [6.391415119171143, 3.410552740097046, 0.8964709639549255, 0.9442576169967651] (expected [7.0, 3.6, 1.35, 0.6])
[176.29, 8.35, 1.27, 2.48, 2.16, 3.84] => [6.43729829788208, 3.8570961952209473, 0.8907133340835571, 0.0] (expected [7.0, 3.6, 1.35, 0.1])
[9.99, 9.82, 0.49, 2.06, 1.26, 3.77] => [6.6782121658325195, 3.6990389823913574, 0.7803385257720947, 1.3289989233016968] (expected [7.0, 3.6, 0.85, 1.6])
[12.31, 8.87, 0.6, 2.13, 1.39, 3.83] => [6.679227828979492, 3.372291088104248, 0.8823511600494385, 1.2980613708496094] (expected [7.0, 3.6, 0.85, 1.1])
[18.82, 7.88, 0.75, 2.24, 1.62, 3.95] => [6.362727165222168, 3.264131546020508, 0.8755667209625244, 0.938275933265686] (expected [7.0, 3.6, 0.85, 0.6])
[119.6, 8.22, 1.27, 2.77, 2.22, 4.48] => [6.5333404541015625, 3.998234272003174, 0.8995237946510315, 0.07611805200576782] (expected [7.0, 3.6, 0.85, 0.1])
[14.43, 8.89, 0.56, 1.59, 1.31, 2.75] => [6.79136323928833, 3.3861985206604004, 0.867595374584198, 1.222499132156372] (expected [7.0, 3.1, 1.85, 1.6])
[19.14, 8.37, 0.63, 1.67, 1.45, 2.83] => [6.266317844390869, 2.889671802520752, 0.9154500961303711, 1.153018593788147] (expected [7.0, 3.1, 1.85, 1.1])
[33.23, 8.07, 0.8, 1.82, 1.65, 2.97] => [6.001422882080078, 2.8190553188323975, 0.9448699951171875, 0.9438154697418213] (expected [7.0, 3.1, 1.85, 0.6])

